       0, 0.005,-0.001,-0.005, 0.015, 0.012,-0.000,-0.006, 0.001, 0.009,-0.006, 0.002, 0.000, 0.005,-0.011,-0.003, 0.000, 0.001, 0.002,-0.004,-0.003, 0.008,-0.001,-0.004,-0.004,-0.002, 0.007, 0.002,-0.003, 0.007, 0.003,-0.001,-0.003,-0.012,-0.009, 0.010, 0.001,-0.007,-0.005, 0.007,-0.009, 0.005,-0.002,-0.003, 0.005, 0.007,-0.001,-0.004, 0.007,-0.002, 0.003
      10, 0.001,-0.003, 0.000, 0.010,-0.005,-0.009,-0.021,-0.014, 0.002, 0.007,-0.009,-0.010,-0.005, 0.006,-0.016,-0.009, 0.010, 0.002, 0.005, 0.014, 0.005,-0.001, 0.010, 0.004,-0.003,-0.006,-0.004, 0.009,-0.018, 0.010,-0.001, 0.006, 0.004, 0.005, 0.006,-0.035, 0.007,-0.003,-0.008, 0.003, 0.007, 0.003,-0.000,-0.015,-0.001,-0.025, 0.003, 0.005, 0.006, 0.003
      20,-0.005,-0.002,-0.001, 0.005, 0.003,-0.012,-0.005,-0.009, 0.017, 0.002, 0.007, 0.003,-0.007, 0.028,-0.014,-0.016, 0.004,-0.001, 0.014, 0.025,-0.002,-0.008, 0.006,-0.004, 0.007, 0.000,-0.012, 0.028,-0.033, 0.017, 0.002, 0.009,-0.003, 0.017, 0.007,-0.052, 0.020,-0.010,-0.002,-0.007, 0.003, 0.008, 0.010,-0.019,-0.002,-0.006,-0.007,-0.004, 0.007, 0.006
      30,-0.001,-0.010,-0.002, 0.010, 0.001,-0.011,-0.013,-0.005, 0.019, 0.001, 0.004,-0.013,-0.008, 0.020,-0.015, 0.028,-0.001, 0.002, 0.003, 0.026,-0.006,-0.000,-0.010, 0.007,-0.004,-0.003,-0.014, 0.038,-0.032, 0.010, 0.003, 0.012,-0.027, 0.006, 0.011,-0.045, 0.011, 0.007,-0.000,-0.002, 0.015, 0.006, 0.000,-0.018,-0.004,-0.008,-0.019,-0.010, 0.023, 0.000
      40,-0.006,-0.014,-0.017, 0.015,-0.004, 0.004,-0.012,-0.004, 0.022, 0.017, 0.007,-0.010,-0.005, 0.021,-0.002,-0.002, 0.004, 0.005, 0.003, 0.004,-0.011,-0.002, 0.002, 0.005, 0.001,-0.008,-0.019, 0.036,-0.021, 0.017,-0.008,-0.002,-0.050,-0.001,-0.001,-0.052, 0.010, 0.020,-0.003, 0.005, 0.011, 0.006, 0.003,-0.008, 0.002,-0.015,-0.024,-0.001, 0.013, 0.005
      50, 0.007, 0.001, 0.001, 0.010,-0.002, 0.007,-0.015,-0.012,-0.011, 0.004, 0.009,-0.009,-0.008, 0.029,-0.008,-0.003, 0.014, 0.002,-0.008,-0.005, 0.001,-0.006,-0.011,-0.005,-0.000,-0.010,-0.017, 0.041,-0.018, 0.007,-0.010,-0.016,-0.069, 0.007,-0.009,-0.037,-0.001, 0.007,-0.005,-0.007,-0.003,-0.004, 0.008,-0.017, 0.001,-0.031,-0.017, 0.005, 0.013, 0.005
      60, 0.007,-0.001,-0.002, 0.007,-0.015, 0.001,-0.007,-0.019,-0.036,-0.003, 0.010,-0.013,-0.002, 0.022,-0.003,-0.004, 0.012, 0.005, 0.002,-0.018, 0.012,-0.004,-0.003,-0.009, 0.000, 0.011,-0.006, 0.051,-0.021, 0.013,-0.005, 0.012,-0.065, 0.001,-0.001,-0.048,-0.001, 0.013,-0.001,-0.010, 0.005,-0.002, 0.009, 0.001,-0.022,-0.014,-0.010, 0.027, 0.013,-0.005
      70, 0.001, 0.010,-0.014, 0.010, 0.007,-0.000, 0.002,-0.021,-0.021,-0.020, 0.010, 0.002,-0.011, 0.027, 0.001,-0.014, 0.004, 0.009, 0.002,-0.022, 0.011,-0.005,-0.002,-0.005, 0.001, 0.000,-0.000, 0.047,-0.012, 0.025,-0.002,-0.003,-0.031, 0.024,-0.011,-0.043,-0.004, 0.006, 0.002,-0.006, 0.014,-0.015, 0.006,-0.005,-0.010,-0.015,-0.009, 0.012, 0.004,-0.003
      80, 0.004, 0.010,-0.004, 0.012, 0.002, 0.003,-0.004,-0.017,-0.012,-0.016, 0.018,-0.001,-0.007, 0.022, 0.020,-0.006, 0.011, 0.008,-0.003, 0.006, 0.009,-0.002,-0.003,-0.002,-0.002, 0.015,-0.021, 0.063, 0.003, 0.017, 0.000,-0.006,-0.044, 0.037,-0.019,-0.038,-0.008,-0.002,-0.002,-0.012, 0.010,-0.009, 0.016,-0.001,-0.020,-0.018, 0.002,-0.004, 0.002,-0.007
      90,-0.009, 0.009,-0.014, 0.020, 0.001, 0.009, 0.005,-0.019,-0.008,-0.010, 0.016,-0.001,-0.008, 0.031, 0.018,-0.013, 0.005, 0.012,-0.013,-0.004, 0.010,-0.000, 0.003,-0.002,-0.002, 0.012,-0.016, 0.070,-0.003, 0.018,-0.008,-0.001,-0.049, 0.037,-0.009,-0.013,-0.002, 0.005,-0.007,-0.014, 0.008,-0.004, 0.013, 0.010, 0.003,-0.013, 0.006, 0.004, 0.005,-0.010
     100,-0.010, 0.024, 0.001, 0.010, 0.005, 0.001, 0.015, 0.001,-0.012,-0.003, 0.013,-0.002, 0.000, 0.012, 0.004, 0.008,-0.028,-0.006, 0.008,-0.003, 0.012, 0.009,-0.007,-0.010, 0.001, 0.013,-0.008, 0.047,-0.010,-0.013,-0.009, 0.021,-0.032, 0.005,-0.001,-0.013,-0.001,-0.017,-0.003,-0.002,-0.009,-0.002, 0.020,-0.022,-0.008,-0.029, 0.016, 0.003, 0.013,-0.007
     110,-0.003, 0.012,-0.004, 0.008, 0.003,-0.003, 0.014, 0.027,-0.032, 0.014, 0.028,-0.002, 0.004, 0.001, 0.007, 0.003,-0.005, 0.006, 0.045, 0.001,-0.004, 0.016, 0.005, 0.001,-0.005, 0.006,-0.017, 0.027,-0.011,-0.026,-0.011, 0.018,-0.062,-0.002, 0.008, 0.047,-0.003,-0.011,-0.010, 0.003,-0.007, 0.002, 0.003,-0.030,-0.013,-0.052, 0.008,-0.002, 0.015, 0.008
     120,-0.001, 0.007,-0.007, 0.008,-0.001,-0.003, 0.004, 0.053,-0.036, 0.017, 0.030, 0.000, 0.007,-0.011, 0.008, 0.011,-0.007, 0.010, 0.057, 0.009, 0.003, 0.014, 0.014, 0.011, 0.002, 0.008,-0.020, 0.020,-0.022,-0.018,-0.009,-0.002,-0.061,-0.019, 0.013, 0.018,-0.001,-0.013,-0.008,-0.008,-0.008, 0.020,-0.006,-0.013,-0.012,-0.032, 0.010, 0.003,-0.002, 0.008
     130,-0.012,-0.001,-0.006, 0.012, 0.005,-0.006,-0.011, 0.067,-0.034, 0.011, 0.041, 0.001, 0.011,-0.002,-0.002, 0.024,-0.036, 0.005, 0.031,-0.006, 0.005,-0.000, 0.014,-0.012,-0.001,-0.006,-0.017, 0.018,-0.034, 0.003, 0.001,-0.004,-0.062,-0.007,-0.008, 0.016, 0.004, 0.004,-0.014,-0.001,-0.007, 0.015,-0.007,-0.023,-0.019,-0.028, 0.009,-0.004, 0.010, 0.009
     140,-0.010, 0.014, 0.005, 0.030, 0.010, 0.002,-0.005, 0.059,-0.024, 0.010, 0.040,-0.011, 0.013, 0.018,-0.007, 0.006,-0.027,-0.000, 0.027, 0.006, 0.010, 0.006, 0.021,-0.003, 0.002,-0.012,-0.014,-0.008,-0.052, 0.003,-0.010, 0.000,-0.051,-0.000, 0.001, 0.031, 0.007,-0.008,-0.016, 0.003, 0.010, 0.012,-0.006,-0.013,-0.027,-0.028, 0.007, 0.005, 0.022, 0.000
     150,-0.008, 0.017,-0.003, 0.031, 0.004, 0.000, 0.001, 0.061,-0.022, 0.017, 0.052,-0.008, 0.016, 0.005,-0.014, 0.003,-0.036,-0.002, 0.018, 0.011, 0.012, 0.005, 0.016,-0.010,-0.015, 0.000,-0.014, 0.007,-0.043,-0.011,-0.021,-0.006,-0.049, 0.000, 0.000, 0.035,-0.001,-0.002,-0.022, 0.006, 0.001, 0.016,-0.005,-0.013,-0.030,-0.019, 0.003, 0.012, 0.011,-0.006
     160,-0.003,-0.012, 0.019, 0.023,-0.006,-0.010,-0.006, 0.065,-0.023, 0.012, 0.045, 0.008, 0.007, 0.009,-0.021, 0.013,-0.046, 0.004, 0.016, 0.002, 0.006,-0.002, 0.009,-0.003,-0.016,-0.015,-0.008, 0.014,-0.040, 0.015,-0.004, 0.022,-0.046,-0.001, 0.000, 0.049, 0.001,-0.004,-0.014, 0.016,-0.012, 0.014, 0.003,-0.015,-0.033,-0.024, 0.008, 0.018, 0.006, 0.006
     170,-0.006,-0.003, 0.025, 0.015,-0.015,-0.007,-0.010, 0.065,-0.020, 0.018, 0.036, 0.006, 0.009,-0.000,-0.004, 0.005,-0.055, 0.007, 0.033, 0.007, 0.013, 0.001, 0.011, 0.002,-0.011,-0.025,-0.017,-0.006,-0.036, 0.000, 0.012, 0.020,-0.044, 0.023,-0.004, 0.048, 0.002, 0.003,-0.016,-0.003, 0.022, 0.014,-0.004,-0.019,-0.037,-0.027, 0.015, 0.017, 0.017, 0.002
     180,-0.012,-0.004, 0.015, 0.019,-0.006, 0.001, 0.004, 0.065,-0.031, 0.008, 0.053, 0.006,-0.001, 0.004,-0.004, 0.007,-0.043,-0.001, 0.034,-0.005, 0.001,-0.001, 0.008, 0.005,-0.004,-0.026,-0.013,-0.002,-0.026, 0.011, 0.012, 0.021,-0.048, 0.018,-0.002, 0.046, 0.000,-0.006,-0.016, 0.003, 0.008, 0.005,-0.008,-0.027,-0.035,-0.035, 0.020, 0.011, 0.015,-0.004
     190,-0.004,-0.013, 0.006, 0.032,-0.002,-0.002, 0.010, 0.052,-0.032, 0.006, 0.035, 0.003,-0.000, 0.015,-0.011,-0.007,-0.066, 0.015, 0.029, 0.002, 0.014,-0.004, 0.019, 0.016,-0.002,-0.018,-0.017,-0.003,-0.054, 0.016, 0.019, 0.016,-0.021, 0.020,-0.004, 0.045,-0.004,-0.015,-0.012, 0.004, 0.001, 0.022, 0.005,-0.021,-0.027,-0.022, 0.025, 0.009, 0.011,-0.009
     200,-0.004,-0.018,-0.007, 0.011, 0.011, 0.020, 0.013, 0.027, 0.028,-0.002, 0.036, 0.016, 0.013, 0.004, 0.004, 0.019,-0.052, 0.009, 0.001,-0.003,-0.007, 0.007, 0.037,-0.020, 0.027, 0.001,-0.015, 0.012,-0.018,-0.005, 0.007,-0.001, 0.001, 0.003,-0.003, 0.035, 0.005,-0.004, 0.009,-0.007, 0.003, 0.001, 0.026,-0.008,-0.055,-0.014, 0.015, 0.002, 0.010, 0.012
     210,-0.001,-0.008,-0.011, 0.016,-0.004,-0.002, 0.016, 0.008, 0.051, 0.008, 0.050, 0.001, 0.001,-0.007,-0.012, 0.012,-0.044, 0.002, 0.026,-0.005,-0.005,-0.003, 0.011,-0.026, 0.041,-0.010,-0.008,-0.011,-0.002, 0.020, 0.008, 0.009, 0.005, 0.009, 0.003, 0.048, 0.001, 0.006, 0.021, 0.017, 0.019,-0.005, 0.013, 0.002,-0.057,-0.031, 0.003,-0.032, 0.013,-0.003
     220, 0.005, 0.001,-0.004, 0.010,-0.005,-0.009, 0.007,-0.003, 0.047, 0.008, 0.044,-0.002, 0.011,-0.003,-0.006, 0.019,-0.040,-0.002, 0.028,-0.011,-0.009,-0.011, 0.020,-0.020, 0.033,-0.016, 0.000,-0.007,-0.022, 0.009, 0.012,-0.004, 0.011,-0.013, 0.001, 0.042,-0.003,-0.003, 0.021, 0.015,-0.003, 0.003, 0.004, 0.012,-0.057,-0.030, 0.012,-0.033, 0.020, 0.005
     230, 0.001,-0.022,-0.029, 0.001, 0.002,-0.001, 0.007, 0.018, 0.060, 0.011, 0.026,-0.009,-0.005,-0.001,-0.012, 0.020,-0.037,-0.005, 0.031, 0.004,-0.007, 0.011, 0.026,-0.014, 0.024, 0.001,-0.002,-0.003,-0.053, 0.009, 0.026,-0.019, 0.008,-0.014, 0.002, 0.031,-0.004,-0.003, 0.014, 0.005,-0.026, 0.001, 0.000,-0.015,-0.072,-0.047,-0.003,-0.018, 0.024, 0.010
     240,-0.004,-0.019,-0.015, 0.002,-0.011,-0.008, 0.006, 0.014, 0.060, 0.004, 0.025,-0.005,-0.004,-0.001,-0.015, 0.021,-0.042, 0.005, 0.043,-0.001, 0.000, 0.010, 0.008,-0.019, 0.022, 0.001, 0.000,-0.008,-0.066, 0.008, 0.032,-0.018, 0.004,-0.017, 0.002, 0.038, 0.004,-0.006, 0.009,-0.010,-0.051, 0.002,-0.004,-0.013,-0.062,-0.038, 0.016,-0.018, 0.019, 0.002
     250, 0.004, 0.002,-0.032,-0.001,-0.002, 0.001, 0.010, 0.027, 0.051, 0.001, 0.016,-0.000,-0.003, 0.006,-0.011, 0.017,-0.037,-0.005, 0.053, 0.001,-0.011, 0.002, 0.005,-0.009, 0.015, 0.002, 0.005,-0.002,-0.037, 0.015, 0.023,-0.012, 0.021,-0.002, 0.001, 0.063, 0.006,-0.004, 0.005, 0.004,-0.064, 0.006, 0.011,-0.021,-0.069,-0.025, 0.006,-0.035, 0.013, 0.006
     260,-0.005, 0.011,-0.017, 0.005, 0.015, 0.002, 0.016, 0.016, 0.080,-0.006, 0.013, 0.008, 0.009, 0.002,-0.012, 0.026,-0.061, 0.005, 0.056, 0.009,-0.002, 0.015,-0.014,-0.003, 0.023, 0.004, 0.010,-0.013,-0.049, 0.010, 0.024,-0.006, 0.040,-0.010, 0.004, 0.037, 0.005, 0.014, 0.007, 0.014,-0.056,-0.004, 0.003,-0.025,-0.074,-0.032, 0.013,-0.027, 0.013,-0.004
     270,-0.003, 0.002, 0.001, 0.001, 0.014, 0.007, 0.016, 0.026, 0.089, 0.011, 0.028, 0.016, 0.003, 0.004,-0.010, 0.022,-0.047,-0.006, 0.035, 0.016,-0.003, 0.008,-0.007,-0.016, 0.019, 0.015, 0.005,-0.007,-0.055, 0.022, 0.025,-0.014, 0.021,-0.025, 0.003, 0.010,-0.002, 0.004, 0.002, 0.014,-0.058,-0.004, 0.009,-0.007,-0.093,-0.027, 0.015,-0.040, 0.015,-0.005
     280, 0.001, 0.011,-0.011, 0.011,-0.000, 0.002, 0.015, 0.014, 0.097, 0.005, 0.023, 0.011, 0.007,-0.008,-0.005, 0.030,-0.057, 0.007, 0.016, 0.018,-0.002, 0.016, 0.014,-0.012, 0.001, 0.006,-0.007,-0.006,-0.049, 0.014, 0.025,-0.023, 0.019,-0.001,-0.001,-0.008, 0.007, 0.005, 0.013, 0.013,-0.035, 0.009, 0.003,-0.006,-0.099,-0.023, 0.010,-0.037, 0.017, 0.001
     290,-0.003,-0.010,-0.015, 0.009, 0.014,-0.015, 0.037, 0.032, 0.115, 0.000, 0.025, 0.016,-0.003,-0.016, 0.003, 0.031,-0.035,-0.011, 0.034, 0.015,-0.005, 0.007, 0.018,-0.002,-0.005, 0.006,-0.001,-0.007,-0.053, 0.010, 0.028,-0.015, 0.026,-0.008,-0.001, 0.001, 0.002,-0.007, 0.007, 0.013,-0.032, 0.011, 0.008,-0.000,-0.113,-0.028, 0.011,-0.037, 0.010,-0.001
     300,-0.046, 0.006,-0.014, 0.016, 0.011, 0.006, 0.022, 0.015, 0.013,-0.038, 0.011,-0.001,-0.005,-0.009, 0.003,-0.021,-0.022, 0.001,-0.020, 0.007, 0.021, 0.032, 0.031,-0.056,-0.001, 0.005, 0.009,-0.008,-0.024, 0.009, 0.001, 0.010, 0.010, 0.035,-0.001, 0.003, 0.003,-0.001, 0.007, 0.032,-0.017, 0.005,-0.005,-0.008,-0.055,-0.007,-0.016,-0.019,-0.007,-0.011
     310,-0.082, 0.004, 0.007,-0.019, 0.004, 0.006, 0.025, 0.006,-0.059,-0.021, 0.032, 0.003,-0.009,-0.007, 0.009,-0.048,-0.006, 0.017,-0.062, 0.003, 0.047, 0.031, 0.050,-0.100, 0.004, 0.012,-0.008,-0.003,-0.033, 0.015, 0.028, 0.022, 0.023, 0.065, 0.011, 0.029, 0.001, 0.004, 0.004, 0.011, 0.019, 0.012, 0.001, 0.001,-0.024, 0.029,-0.001, 0.012,-0.000, 0.038
     320,-0.066,-0.003, 0.016,-0.016,-0.002, 0.007, 0.001, 0.019,-0.084,-0.006, 0.061, 0.006, 0.006,-0.000, 0.019,-0.068,-0.012, 0.009,-0.101,-0.019, 0.059, 0.016, 0.048,-0.094, 0.006, 0.008,-0.005, 0.000,-0.038, 0.006, 0.021, 0.005, 0.009, 0.073, 0.014, 0.037, 0.005, 0.002, 0.009,-0.001, 0.020, 0.012, 0.008,-0.003,-0.011, 0.011, 0.005, 0.000,-0.006, 0.060
     330,-0.081, 0.001, 0.014, 0.004, 0.001, 0.006, 0.005, 0.002,-0.087, 0.002, 0.035, 0.008, 0.026, 0.000, 0.020,-0.088,-0.010,-0.001,-0.104,-0.014, 0.061, 0.017, 0.035,-0.095, 0.029,-0.000,-0.004, 0.011,-0.032,-0.003, 0.030, 0.000, 0.007, 0.110, 0.014, 0.037, 0.001, 0.005, 0.006, 0.006, 0.030, 0.005,-0.006,-0.001,-0.010,-0.012, 0.008,-0.013,-0.005, 0.049
     340,-0.074, 0.020, 0.021,-0.006, 0.006,-0.008, 0.006,-0.005,-0.088,-0.002, 0.030,-0.014,-0.001, 0.005, 0.013,-0.081, 0.010,-0.002,-0.117,-0.032, 0.027, 0.009, 0.025,-0.098, 0.050, 0.004,-0.000, 0.004,-0.029,-0.004, 0.025, 0.018,-0.005, 0.109, 0.017, 0.037, 0.008, 0.002, 0.000, 0.015, 0.016, 0.007, 0.007, 0.001,-0.028,-0.024, 0.003,-0.009, 0.003, 0.072
     350,-0.083, 0.029, 0.022,-0.001, 0.010, 0.001, 0.022, 0.007,-0.070,-0.006, 0.032,-0.001, 0.018,-0.008,-0.005,-0.079, 0.015,-0.007,-0.104,-0.023, 0.028, 0.004, 0.018,-0.120, 0.069,-0.012, 0.004, 0.002,-0.024,-0.002,-0.004, 0.041, 0.012, 0.118, 0.015, 0.056, 0.005, 0.006, 0.003, 0.011, 0.018, 0.012, 0.003,-0.000,-0.023,-0.007, 0.006,-0.005,-0.003, 0.035
     360,-0.086, 0.050, 0.034, 0.030, 0.005,-0.002, 0.017,-0.007,-0.067,-0.007, 0.047, 0.005, 0.038,-0.008, 0.007,-0.066, 0.036,-0.000,-0.102, 0.002, 0.022, 0.006, 0.014,-0.112, 0.074,-0.001,-0.001,-0.000,-0.019, 0.001, 0.012, 0.050,-0.013, 0.144, 0.022, 0.074, 0.010, 0.006, 0.012, 0.001, 0.018, 0.010, 0.014, 0.017,-0.038,-0.017, 0.002,-0.001, 0.012, 0.041
     370,-0.105, 0.060,-0.031, 0.016, 0.007, 0.004, 0.003,-0.002,-0.051,-0.010, 0.031, 0.012, 0.034, 0.003, 0.011,-0.038, 0.051, 0.001,-0.095,-0.021, 0.020,-0.000, 0.025,-0.131, 0.074,-0.003,-0.001, 0.001,-0.014, 0.000, 0.036, 0.032, 0.020, 0.176, 0.022, 0.079,-0.005, 0.005, 0.005,-0.008, 0.018, 0.006, 0.002, 0.019,-0.037,-0.025, 0.001,-0.001, 0.002, 0.027
     380,-0.118, 0.037,-0.039, 0.043, 0.010, 0.014, 0.010, 0.004,-0.063,-0.004, 0.029, 0.017, 0.028,-0.007, 0.019,-0.038, 0.050, 0.002,-0.077,-0.025, 0.026, 0.008, 0.041,-0.119, 0.092,-0.008, 0.003,-0.005, 0.011, 0.001, 0.028,-0.003, 0.021, 0.202, 0.016, 0.078,-0.013, 0.012, 0.012,-0.004, 0.018, 0.005, 0.008, 0.029,-0.034,-0.016, 0.001, 0.003, 0.004, 0.043
     390,-0.102, 0.049,-0.046, 0.050, 0.016, 0.009, 0.014,-0.009,-0.079,-0.001, 0.021, 0.022, 0.032, 0.002, 0.008,-0.024, 0.065, 0.004,-0.077,-0.019, 0.042, 0.009, 0.039,-0.110, 0.088,-0.011, 0.001, 0.004, 0.014, 0.004, 0.032, 0.019, 0.018, 0.230, 0.026, 0.068, 0.001, 0.003, 0.016,-0.008, 0.020, 0.004, 0.013, 0.019,-0.041,-0.018, 0.002,-0.002, 0.004, 0.062
     400,-0.044, 0.023,-0.051, 0.029, 0.008, 0.019,-0.016, 0.132,-0.008, 0.017, 0.047, 0.013, 0.001, 0.046, 0.009, 0.011, 0.075, 0.024,-0.053,-0.013, 0.032, 0.026,-0.021,-0.031, 0.073, 0.005, 0.009, 0.030,-0.011, 0.057, 0.026, 0.028, 0.057, 0.252, 0.038, 0.084, 0.011, 0.027, 0.060,-0.014, 0.015,-0.000,-0.021, 0.002,-0.052,-0.005, 0.031,-0.026, 0.040, 0.063
     410,-0.037,-0.010,-0.053, 0.022, 0.001, 0.021,-0.031, 0.269, 0.045, 0.005, 0.054,-0.004,-0.036, 0.033, 0.016, 0.014, 0.076, 0.010,-0.053, 0.038, 0.045, 0.003,-0.018,-0.034, 0.086, 0.035, 0.013, 0.019,-0.003, 0.088, 0.021, 0.020, 0.093, 0.276, 0.033, 0.088,-0.006, 0.005, 0.099,-0.019, 0.022, 0.004,-0.009, 0.013,-0.069,-0.009, 0.023,-0.020, 0.036, 0.064
     420,-0.024,-0.039,-0.063, 0.027, 0.002, 0.035,-0.043, 0.339, 0.047, 0.002, 0.059, 0.007,-0.039, 0.039, 0.041,-0.015, 0.083, 0.012,-0.037, 0.034, 0.029, 0.012,-0.008,-0.040, 0.090, 0.020,-0.002, 0.009, 0.023, 0.091, 0.022, 0.022, 0.101, 0.306, 0.050, 0.084,-0.012,-0.006, 0.095,-0.024, 0.026,-0.004,-0.009,-0.030,-0.073, 0.021, 0.003,-0.022, 0.036, 0.054
     430,-0.009,-0.037,-0.067, 0.012,-0.003, 0.027,-0.035, 0.361, 0.037, 0.002, 0.066, 0.008,-0.022, 0.051, 0.020,-0.001, 0.073, 0.008,-0.066, 0.041, 0.037,-0.000,-0.008,-0.032, 0.088, 0.007, 0.001, 0.007, 0.023, 0.095, 0.025, 0.022, 0.111, 0.348, 0.051, 0.088, 0.004, 0.007, 0.087,-0.013, 0.017,-0.007,-0.022,-0.024,-0.037, 0.015,-0.013,-0.011, 0.041, 0.048
     440, 0.014,-0.029,-0.036, 0.013,-0.004, 0.017,-0.029, 0.392, 0.066,-0.004, 0.059, 0.011, 0.011, 0.034, 0.013,-0.014, 0.069, 0.010,-0.075, 0.040, 0.028,-0.001, 0.009,-0.023, 0.087, 0.014,-0.008, 0.013, 0.048, 0.088, 0.008, 0.022, 0.112, 0.399, 0.059, 0.078, 0.009, 0.006, 0.072,-0.008, 0.012,-0.000,-0.035,-0.012,-0.027, 0.011, 0.010,-0.008, 0.034, 0.061
     450, 0.028,-0.030,-0.038, 0.024,-0.000, 0.016,-0.041, 0.416, 0.064, 0.002, 0.046, 0.047, 0.035, 0.033,-0.008,-0.004, 0.065, 0.004,-0.065, 0.078, 0.018, 0.000, 0.009,-0.005, 0.085,-0.002,-0.010, 0.006, 0.060, 0.084, 0.009, 0.022, 0.092, 0.449, 0.051, 0.076, 0.009,-0.002, 0.069,-0.023, 0.026,-0.004,-0.018, 0.010,-0.026, 0.015, 0.027,-0.007, 0.041, 0.073
     460, 0.035,-0.013,-0.048, 0.069, 0.001, 0.001,-0.029, 0.473, 0.068,-0.006, 0.066, 0.069, 0.059, 0.043, 0.009, 0.017, 0.068,-0.002,-0.067, 0.066, 0.038,-0.007,-0.004, 0.031, 0.078,-0.004,-0.011, 0.005, 0.067, 0.087, 0.012, 0.013, 0.086, 0.496, 0.050, 0.079,-0.004, 0.002, 0.067,-0.032, 0.021,-0.006,-0.015, 0.029,-0.009, 0.008, 0.053,-0.000, 0.040, 0.062
     470, 0.029, 0.009,-0.045, 0.082, 0.002, 0.008,-0.050, 0.525, 0.084,-0.003, 0.074, 0.080, 0.061, 0.046, 0.001, 0.030, 0.067,-0.003,-0.065, 0.059, 0.041,-0.001,-0.016, 0.041, 0.069,-0.014,-0.001, 0.003, 0.063, 0.085, 0.028, 0.004, 0.068, 0.552, 0.008, 0.075, 0.009,-0.004, 0.055,-0.034, 0.017, 0.002,-0.024, 0.040,-0.020, 0.005, 0.050, 0.001, 0.054, 0.065
     480, 0.007, 0.049,-0.035, 0.077,-0.000,-0.016,-0.062, 0.584, 0.067, 0.008, 0.075, 0.085, 0.059, 0.023, 0.024, 0.041, 0.055,-0.003,-0.066, 0.061, 0.063,-0.006,-0.024, 0.060, 0.069,-0.012,-0.001, 0.003, 0.076, 0.080, 0.014, 0.002, 0.069, 0.606, 0.012, 0.088, 0.013,-0.007, 0.064,-0.030, 0.024, 0.005,-0.041, 0.055,-0.026, 0.017, 0.056,-0.004, 0.057, 0.073
     490, 0.002, 0.062,-0.020, 0.071,-0.006,-0.020,-0.038, 0.648, 0.059,-0.001, 0.079, 0.079, 0.065, 0.011, 0.026, 0.054, 0.073,-0.011,-0.046, 0.072, 0.053,-0.014,-0.024, 0.098, 0.081, 0.005, 0.002, 0.001, 0.070, 0.071, 0.021, 0.001, 0.079, 0.658, 0.033, 0.098,-0.000, 0.002, 0.076,-0.021, 0.014, 0.011,-0.023, 0.055,-0.018, 0.008, 0.058, 0.004, 0.063, 0.062
     500, 0.010, 0.081,-0.012, 0.012, 0.032, 0.028,-0.002, 0.673, 0.074, 0.032, 0.077, 0.073, 0.082, 0.037, 0.052, 0.056, 0.121,-0.003,-0.024, 0.065, 0.061, 0.037, 0.013, 0.503, 0.057,-0.001, 0.040, 0.014, 0.054, 0.062, 0.011, 0.059, 0.080, 0.700, 0.025, 0.087, 0.045, 0.027, 0.031, 0.034, 0.029, 0.032, 0.039, 0.054, 0.032, 0.050, 0.073, 0.030, 0.041, 0.030
     510, 0.008, 0.074,-0.008, 0.003, 0.060, 0.052, 0.004, 0.684, 0.080, 0.095, 0.079, 0.066, 0.066, 0.082, 0.054, 0.082, 0.175, 0.002,-0.008, 0.081, 0.051, 0.086, 0.066, 0.749, 0.046, 0.009, 0.082,-0.004, 0.057, 0.066,-0.003, 0.080, 0.083, 0.704, 0.019, 0.080, 0.022, 0.008, 0.044, 0.088, 0.041, 0.054, 0.087, 0.067, 0.070, 0.087, 0.084, 0.076, 0.002, 0.010
     520,-0.009, 0.084,-0.004, 0.013, 0.066, 0.073, 0.004, 0.697, 0.057, 0.087, 0.086, 0.074, 0.070, 0.082, 0.068, 0.097, 0.165, 0.005,-0.019, 0.087, 0.051, 0.079, 0.083, 0.728, 0.051, 0.002, 0.073,-0.002, 0.062, 0.077,-0.003, 0.063, 0.070, 0.695, 0.007, 0.072, 0.019, 0.005, 0.064, 0.082, 0.039, 0.066, 0.089, 0.059, 0.054, 0.089, 0.085, 0.087, 0.013, 0.003
     530,-0.006, 0.085,-0.010, 0.047, 0.079, 0.093, 0.018, 0.702, 0.060, 0.076, 0.089, 0.072, 0.076, 0.079, 0.079, 0.101, 0.190, 0.001,-0.011, 0.093, 0.033, 0.072, 0.074, 0.709, 0.047,-0.014, 0.067,-0.002, 0.067, 0.089, 0.003, 0.054, 0.067, 0.690, 0.020, 0.082, 0.048, 0.019, 0.089, 0.077, 0.036, 0.087, 0.084, 0.058, 0.070, 0.096, 0.076, 0.084,-0.015,-0.007
     540,-0.018, 0.065,-0.007, 0.048, 0.086, 0.079, 0.048, 0.698, 0.081, 0.083, 0.081, 0.077, 0.080, 0.071, 0.074, 0.088, 0.262, 0.007, 0.004, 0.090, 0.049, 0.058, 0.063, 0.704, 0.057,-0.008, 0.062,-0.003, 0.059, 0.075, 0.002, 0.056, 0.059, 0.688, 0.018, 0.082, 0.054, 0.030, 0.069, 0.085, 0.022, 0.092, 0.105, 0.068, 0.082, 0.090, 0.070, 0.082,-0.015, 0.008
     550,-0.028, 0.066, 0.006, 0.053, 0.093, 0.052, 0.058, 0.695, 0.075, 0.072, 0.073, 0.082, 0.083, 0.080, 0.071, 0.084, 0.329, 0.005, 0.010, 0.074, 0.063, 0.057, 0.063, 0.700, 0.057,-0.001, 0.067, 0.004, 0.057, 0.081, 0.004, 0.083, 0.058, 0.686, 0.013, 0.073, 0.074, 0.039, 0.060, 0.087, 0.040, 0.086, 0.094, 0.091, 0.096, 0.082, 0.063, 0.077,-0.005, 0.008
     560,-0.022, 0.059, 0.017, 0.047, 0.078, 0.057, 0.052, 0.686, 0.070, 0.070, 0.068, 0.078, 0.090, 0.076, 0.067, 0.063, 0.395, 0.007, 0.038, 0.078, 0.086, 0.080, 0.059, 0.696, 0.067,-0.012, 0.086, 0.008, 0.062, 0.088, 0.004, 0.078, 0.059, 0.682, 0.019, 0.067, 0.079, 0.065, 0.061, 0.084, 0.027, 0.088, 0.078, 0.091, 0.089, 0.097, 0.086, 0.070, 0.009, 0.019
     570,-0.009, 0.077, 0.007, 0.036, 0.070, 0.066, 0.028, 0.687, 0.067, 0.069, 0.071, 0.073, 0.093, 0.085, 0.077, 0.084, 0.484, 0.005, 0.065, 0.078, 0.072, 0.092, 0.063, 0.697, 0.081,-0.016, 0.089, 0.005, 0.078, 0.079, 0.007, 0.085, 0.052, 0.690, 0.021, 0.067, 0.066, 0.058, 0.073, 0.083, 0.047, 0.090, 0.081, 0.092, 0.078, 0.095, 0.089, 0.073, 0.018, 0.030
     580, 0.001, 0.090, 0.017, 0.035, 0.075, 0.075, 0.043, 0.690, 0.078, 0.074, 0.085, 0.077, 0.098, 0.084, 0.076, 0.092, 0.567, 0.006, 0.066, 0.080, 0.080, 0.081, 0.054, 0.689, 0.061,-0.004, 0.075, 0.008, 0.084, 0.080, 0.015, 0.085, 0.056, 0.693, 0.026, 0.078, 0.048, 0.043, 0.079, 0.084, 0.028, 0.083, 0.077, 0.091, 0.070, 0.095, 0.072, 0.094, 0.039, 0.034
     590, 0.005, 0.092, 0.028, 0.038, 0.071, 0.081, 0.031, 0.681, 0.082, 0.066, 0.079, 0.086, 0.092, 0.096, 0.075, 0.091, 0.614, 0.009, 0.089, 0.071, 0.071, 0.066, 0.048, 0.682, 0.065,-0.008, 0.072, 0.004, 0.079, 0.092, 0.014, 0.081, 0.063, 0.684, 0.023, 0.067, 0.080, 0.037, 0.075, 0.083, 0.035, 0.063, 0.070, 0.087, 0.083, 0.078, 0.048, 0.090, 0.027, 0.039
     600, 0.064, 0.076, 0.060, 0.418, 0.086, 0.078, 0.441, 0.680, 0.066, 0.077, 0.057, 0.392, 0.078, 0.083, 0.075, 0.071, 0.681, 0.345, 0.078, 0.050, 0.084, 0.075, 0.054, 0.686, 0.392, 0.053, 0.074, 0.040, 0.070, 0.451, 0.047, 0.080, 0.461, 0.682, 0.034, 0.074, 0.080, 0.053, 0.075, 0.072, 0.065, 0.064, 0.071, 0.099, 0.435, 0.071, 0.074, 0.062, 0.074, 0.048
     610, 0.083, 0.082, 0.083, 0.751, 0.087, 0.070, 0.751, 0.674, 0.061, 0.068, 0.058, 0.690, 0.054, 0.076, 0.084, 0.083, 0.711, 0.493, 0.065, 0.034, 0.091, 0.088, 0.042, 0.680, 0.722, 0.081, 0.074,-0.004, 0.082, 0.740, 0.076, 0.084, 0.752, 0.681, 0.065, 0.084, 0.077, 0.076, 0.091, 0.073, 0.094, 0.083, 0.075, 0.108, 0.739, 0.068, 0.086, 0.048, 0.108, 0.061
     620, 0.074, 0.080, 0.071, 0.731, 0.090, 0.073, 0.731, 0.682, 0.063, 0.057, 0.054, 0.722, 0.051, 0.061, 0.068, 0.062, 0.701, 0.696, 0.065, 0.022, 0.084, 0.068, 0.069, 0.692, 0.730, 0.097, 0.073,-0.001, 0.089, 0.728, 0.072, 0.091, 0.729, 0.682, 0.049, 0.105, 0.082, 0.077, 0.072, 0.081, 0.094, 0.089, 0.061, 0.087, 0.726, 0.070, 0.084, 0.044, 0.100, 0.074
     630, 0.081, 0.101, 0.055, 0.701, 0.088, 0.084, 0.704, 0.682, 0.063, 0.078, 0.064, 0.710, 0.061, 0.063, 0.062, 0.072, 0.695, 0.754, 0.072, 0.021, 0.080, 0.050, 0.073, 0.692, 0.710, 0.100, 0.069, 0.007, 0.089, 0.702, 0.075, 0.094, 0.707, 0.682, 0.046, 0.102, 0.070, 0.077, 0.078, 0.068, 0.091, 0.086, 0.082, 0.080, 0.708, 0.061, 0.090, 0.055, 0.107, 0.074
     640, 0.081, 0.099, 0.066, 0.698, 0.107, 0.082, 0.697, 0.676, 0.072, 0.090, 0.054, 0.694, 0.072, 0.054, 0.064, 0.093, 0.683, 0.724, 0.055, 0.027, 0.072, 0.058, 0.072, 0.688, 0.697, 0.087, 0.075,-0.005, 0.084, 0.693, 0.085, 0.077, 0.693, 0.687, 0.037, 0.094, 0.069, 0.081, 0.074, 0.055, 0.083, 0.078, 0.085, 0.075, 0.694, 0.065, 0.091, 0.058, 0.093, 0.079
     650, 0.069, 0.104, 0.057, 0.696, 0.108, 0.087, 0.692, 0.681, 0.070, 0.080, 0.060, 0.698, 0.072, 0.050, 0.050, 0.093, 0.688, 0.699, 0.076, 0.027, 0.063, 0.068, 0.068, 0.685, 0.697, 0.087, 0.088, 0.001, 0.089, 0.691, 0.083, 0.067, 0.692, 0.692, 0.046, 0.082, 0.085, 0.068, 0.074, 0.053, 0.090, 0.080, 0.089, 0.056, 0.696, 0.083, 0.088, 0.061, 0.083, 0.090
     660, 0.064, 0.089, 0.068, 0.688, 0.090, 0.099, 0.686, 0.682, 0.077, 0.078, 0.061, 0.698, 0.070, 0.067, 0.053, 0.075, 0.686, 0.699, 0.074, 0.017, 0.074, 0.073, 0.067, 0.687, 0.689, 0.090, 0.099, 0.005, 0.087, 0.689, 0.086, 0.072, 0.689, 0.677, 0.053, 0.062, 0.093, 0.066, 0.073, 0.053, 0.089, 0.101, 0.080, 0.074, 0.693, 0.084, 0.094, 0.065, 0.077, 0.096
     670, 0.074, 0.080, 0.074, 0.692, 0.092, 0.101, 0.700, 0.680, 0.086, 0.092, 0.073, 0.690, 0.065, 0.066, 0.064, 0.086, 0.681, 0.693, 0.074, 0.025, 0.070, 0.071, 0.073, 0.683, 0.682, 0.097, 0.094, 0.004, 0.088, 0.690, 0.087, 0.068, 0.695, 0.673, 0.050, 0.067, 0.091, 0.071, 0.081, 0.073, 0.098, 0.095, 0.078, 0.077, 0.689, 0.075, 0.110, 0.063, 0.072, 0.088
     680, 0.082, 0.088, 0.071, 0.693, 0.091, 0.094, 0.694, 0.683, 0.085, 0.077, 0.082, 0.684, 0.062, 0.070, 0.048, 0.068, 0.686, 0.686, 0.068, 0.033, 0.066, 0.078, 0.062, 0.682, 0.692, 0.093, 0.091, 0.001, 0.079, 0.697, 0.083, 0.082, 0.695, 0.686, 0.050, 0.056, 0.096, 0.074, 0.080, 0.070, 0.081, 0.091, 0.074, 0.069, 0.686, 0.071, 0.103, 0.057, 0.072, 0.085
     690, 0.104, 0.106, 0.077, 0.688, 0.093, 0.097, 0.684, 0.684, 0.088, 0.056, 0.084, 0.682, 0.069, 0.068, 0.058, 0.080, 0.681, 0.689, 0.068, 0.050, 0.077, 0.073, 0.073, 0.690, 0.691, 0.086, 0.087, 0.001, 0.092, 0.694, 0.075, 0.088, 0.693, 0.688, 0.052, 0.067, 0.090, 0.080, 0.084, 0.064, 0.096, 0.096, 0.072, 0.074, 0.691, 0.084, 0.101, 0.048, 0.068, 0.083
     700, 0.094, 0.075, 0.088, 0.686, 0.475, 0.081, 0.688, 0.675, 0.084, 0.398, 0.083, 0.687, 0.088, 0.080, 0.082, 0.084, 0.686, 0.692, 0.082, 0.080, 0.083, 0.436, 0.083, 0.679, 0.688, 0.088, 0.480, 0.036, 0.462, 0.684, 0.452, 0.074, 0.688, 0.680, 0.064, 0.363, 0.070, 0.441, 0.075, 0.418, 0.076, 0.405, 0.075, 0.421, 0.696, 0.415, 0.090, 0.074, 0.074, 0.493
     710, 0.087, 0.055, 0.073, 0.690, 0.754, 0.088, 0.687, 0.672, 0.076, 0.727, 0.080, 0.693, 0.098, 0.094, 0.089, 0.067, 0.678, 0.692, 0.096, 0.103, 0.083, 0.748, 0.096, 0.680, 0.688, 0.080, 0.752, 0.050, 0.752, 0.691, 0.756, 0.087, 0.691, 0.681, 0.064, 0.665, 0.051, 0.741, 0.068, 0.746, 0.067, 0.723, 0.095, 0.741, 0.689, 0.728, 0.067, 0.100, 0.094, 0.764
     720, 0.091, 0.066, 0.094, 0.685, 0.733, 0.081, 0.682, 0.679, 0.087, 0.734, 0.078, 0.692, 0.090, 0.097, 0.084, 0.067, 0.681, 0.684, 0.107, 0.105, 0.098, 0.728, 0.076, 0.684, 0.685, 0.079, 0.728, 0.044, 0.730, 0.690, 0.732, 0.076, 0.692, 0.686, 0.068, 0.717, 0.043, 0.722, 0.067, 0.732, 0.073, 0.729, 0.077, 0.726, 0.695, 0.732, 0.079, 0.095, 0.084, 0.729
     730, 0.088, 0.086, 0.082, 0.683, 0.703, 0.086, 0.684, 0.688, 0.082, 0.706, 0.079, 0.689, 0.089, 0.096, 0.080, 0.070, 0.687, 0.685, 0.104, 0.114, 0.116, 0.698, 0.084, 0.679, 0.686, 0.079, 0.708, 0.059, 0.700, 0.683, 0.702, 0.065, 0.686, 0.681, 0.061, 0.709, 0.060, 0.705, 0.074, 0.701, 0.075, 0.704, 0.069, 0.692, 0.688, 0.702, 0.077, 0.082, 0.089, 0.709
     740, 0.077, 0.085, 0.077, 0.683, 0.702, 0.072, 0.684, 0.682, 0.072, 0.696, 0.087, 0.685, 0.088, 0.077, 0.063, 0.087, 0.692, 0.683, 0.091, 0.100, 0.109, 0.704, 0.065, 0.680, 0.687, 0.088, 0.693, 0.068, 0.702, 0.684, 0.695, 0.078, 0.682, 0.685, 0.072, 0.698, 0.064, 0.695, 0.088, 0.698, 0.059, 0.701, 0.064, 0.697, 0.688, 0.695, 0.078, 0.086, 0.074, 0.708
     750, 0.077, 0.081, 0.076, 0.675, 0.696, 0.077, 0.683, 0.683, 0.065, 0.699, 0.069, 0.680, 0.095, 0.070, 0.070, 0.078, 0.691, 0.677, 0.094, 0.097, 0.086, 0.694, 0.066, 0.681, 0.680, 0.090, 0.692, 0.064, 0.696, 0.682, 0.691, 0.091, 0.686, 0.679, 0.087, 0.698, 0.071, 0.689, 0.087, 0.687, 0.043, 0.692, 0.074, 0.694, 0.687, 0.694, 0.079, 0.083, 0.090, 0.700
     760, 0.067, 0.086, 0.066, 0.695, 0.690, 0.084, 0.685, 0.674, 0.055, 0.701, 0.077, 0.683, 0.084, 0.072, 0.067, 0.068, 0.693, 0.678, 0.078, 0.103, 0.093, 0.688, 0.065, 0.699, 0.685, 0.076, 0.696, 0.077, 0.687, 0.691, 0.690, 0.095, 0.685, 0.684, 0.081, 0.698, 0.070, 0.700, 0.073, 0.691, 0.066, 0.689, 0.065, 0.705, 0.677, 0.682, 0.072, 0.077, 0.089, 0.694
     770, 0.059, 0.086, 0.076, 0.687, 0.687, 0.084, 0.690, 0.680, 0.062, 0.691, 0.084, 0.679, 0.078, 0.063, 0.074, 0.080, 0.681, 0.688, 0.066, 0.087, 0.101, 0.695, 0.060, 0.692, 0.674, 0.085, 0.687, 0.071, 0.687, 0.687, 0.692, 0.086, 0.685, 0.678, 0.074, 0.690, 0.059, 0.686, 0.071, 0.698, 0.064, 0.695, 0.082, 0.694, 0.681, 0.685, 0.072, 0.075, 0.079, 0.685
     780, 0.078, 0.092, 0.079, 0.692, 0.690, 0.075, 0.690, 0.682, 0.064, 0.682, 0.081, 0.695, 0.083, 0.073, 0.079, 0.090, 0.689, 0.686, 0.067, 0.080, 0.077, 0.693, 0.063, 0.684, 0.691, 0.084, 0.692, 0.071, 0.693, 0.681, 0.697, 0.059, 0.682, 0.680, 0.063, 0.692, 0.058, 0.690, 0.084, 0.694, 0.075, 0.688, 0.078, 0.692, 0.685, 0.691, 0.075, 0.077, 0.070, 0.691
     790, 0.070, 0.095, 0.083, 0.690, 0.695, 0.056, 0.688, 0.687, 0.073, 0.690, 0.077, 0.700, 0.075, 0.076, 0.075, 0.097, 0.682, 0.688, 0.085, 0.082, 0.081, 0.693, 0.063, 0.685, 0.693, 0.076, 0.691, 0.081, 0.684, 0.678, 0.692, 0.069, 0.682, 0.683, 0.076, 0.685, 0.069, 0.692, 0.081, 0.698, 0.076, 0.679, 0.084, 0.686, 0.681, 0.685, 0.075, 0.067, 0.077, 0.687
     800, 0.443, 0.408, 0.418, 0.684, 0.696, 0.040, 0.686, 0.689, 0.424, 0.686, 0.404, 0.689, 0.456, 0.455, 0.511, 0.457, 0.687, 0.694, 0.404, 0.439, 0.069, 0.690, 0.472, 0.679, 0.689, 0.417, 0.690, 0.089, 0.686, 0.685, 0.695, 0.427, 0.680, 0.684, 0.404, 0.689, 0.416, 0.690, 0.412, 0.693, 0.468, 0.685, 0.075, 0.691, 0.688, 0.695, 0.478, 0.499, 0.488, 0.681
     810, 0.756, 0.728, 0.742, 0.688, 0.696, 0.046, 0.683, 0.688, 0.722, 0.682, 0.728, 0.684, 0.755, 0.757, 0.771, 0.753, 0.683, 0.685, 0.714, 0.751, 0.079, 0.688, 0.757, 0.681, 0.677, 0.736, 0.693, 0.099, 0.686, 0.687, 0.699, 0.751, 0.687, 0.681, 0.742, 0.683, 0.733, 0.686, 0.741, 0.685, 0.764, 0.694, 0.087, 0.686, 0.689, 0.693, 0.756, 0.770, 0.759, 0.687
     820, 0.732, 0.726, 0.729, 0.691, 0.690, 0.057, 0.688, 0.686, 0.725, 0.686, 0.735, 0.684, 0.727, 0.734, 0.737, 0.721, 0.688, 0.673, 0.733, 0.725, 0.087, 0.686, 0.726, 0.677, 0.679, 0.734, 0.693, 0.100, 0.686, 0.690, 0.692, 0.731, 0.683, 0.686, 0.731, 0.684, 0.737, 0.682, 0.725, 0.684, 0.731, 0.688, 0.093, 0.681, 0.688, 0.682, 0.725, 0.735, 0.727, 0.687
     830, 0.706, 0.701, 0.712, 0.684, 0.686, 0.069, 0.683, 0.685, 0.700, 0.685, 0.705, 0.685, 0.706, 0.705, 0.711, 0.712, 0.680, 0.680, 0.713, 0.704, 0.086, 0.688, 0.700, 0.688, 0.683, 0.706, 0.695, 0.090, 0.682, 0.681, 0.683, 0.706, 0.684, 0.686, 0.709, 0.688, 0.711, 0.680, 0.697, 0.684, 0.703, 0.697, 0.091, 0.694, 0.686, 0.678, 0.699, 0.708, 0.703, 0.689
     840, 0.703, 0.697, 0.706, 0.684, 0.686, 0.090, 0.679, 0.682, 0.692, 0.680, 0.698, 0.684, 0.705, 0.699, 0.692, 0.702, 0.676, 0.691, 0.696, 0.693, 0.079, 0.689, 0.699, 0.678, 0.687, 0.691, 0.693, 0.091, 0.678, 0.685, 0.685, 0.701, 0.685, 0.686, 0.697, 0.687, 0.703, 0.689, 0.692, 0.678, 0.700, 0.694, 0.087, 0.692, 0.688, 0.677, 0.701, 0.698, 0.701, 0.691
     850, 0.698, 0.694, 0.701, 0.679, 0.679, 0.113, 0.680, 0.680, 0.701, 0.686, 0.695, 0.694, 0.697, 0.697, 0.692, 0.700, 0.688, 0.690, 0.691, 0.688, 0.086, 0.686, 0.690, 0.676, 0.682, 0.704, 0.693, 0.102, 0.681, 0.690, 0.693, 0.701, 0.690, 0.684, 0.696, 0.686, 0.692, 0.684, 0.696, 0.683, 0.693, 0.690, 0.080, 0.689, 0.677, 0.685, 0.698, 0.691, 0.689, 0.699
     860, 0.693, 0.702, 0.695, 0.676, 0.678, 0.105, 0.681, 0.675, 0.701, 0.691, 0.688, 0.689, 0.692, 0.693, 0.696, 0.693, 0.678, 0.689, 0.690, 0.693, 0.093, 0.687, 0.696, 0.691, 0.678, 0.687, 0.692, 0.096, 0.694, 0.689, 0.687, 0.692, 0.684, 0.683, 0.695, 0.690, 0.689, 0.694, 0.702, 0.690, 0.686, 0.686, 0.105, 0.689, 0.674, 0.700, 0.693, 0.698, 0.694, 0.694
     870, 0.697, 0.700, 0.695, 0.685, 0.687, 0.095, 0.683, 0.684, 0.695, 0.684, 0.683, 0.675, 0.693, 0.692, 0.692, 0.688, 0.679, 0.683, 0.689, 0.695, 0.081, 0.679, 0.694, 0.689, 0.683, 0.692, 0.693, 0.073, 0.685, 0.681, 0.685, 0.685, 0.684, 0.677, 0.690, 0.690, 0.694, 0.693, 0.696, 0.691, 0.690, 0.685, 0.084, 0.687, 0.679, 0.680, 0.691, 0.694, 0.695, 0.679
     880, 0.689, 0.687, 0.696, 0.685, 0.688, 0.081, 0.683, 0.677, 0.698, 0.675, 0.692, 0.677, 0.687, 0.688, 0.685, 0.694, 0.685, 0.684, 0.689, 0.697, 0.061, 0.681, 0.685, 0.685, 0.694, 0.696, 0.692, 0.092, 0.679, 0.690, 0.683, 0.682, 0.686, 0.677, 0.689, 0.689, 0.690, 0.691, 0.691, 0.692, 0.699, 0.693, 0.088, 0.684, 0.685, 0.688, 0.695, 0.696, 0.691, 0.687
     890, 0.679, 0.689, 0.688, 0.692, 0.686, 0.066, 0.682, 0.680, 0.682, 0.683, 0.692, 0.683, 0.683, 0.688, 0.695, 0.695, 0.687, 0.687, 0.685, 0.686, 0.067, 0.686, 0.685, 0.683, 0.687, 0.696, 0.685, 0.081, 0.680, 0.694, 0.687, 0.690, 0.694, 0.671, 0.691, 0.686, 0.685, 0.687, 0.689, 0.692, 0.689, 0.686, 0.089, 0.677, 0.680, 0.683, 0.694, 0.691, 0.692, 0.696
     900, 0.679, 0.691, 0.688, 0.681, 0.678, 0.465, 0.679, 0.681, 0.694, 0.685, 0.677, 0.677, 0.683, 0.684, 0.697, 0.690, 0.675, 0.685, 0.686, 0.688, 0.455, 0.684, 0.681, 0.679, 0.673, 0.686, 0.673, 0.431, 0.683, 0.695, 0.684, 0.684, 0.687, 0.678, 0.689, 0.687, 0.690, 0.680, 0.692, 0.683, 0.692, 0.687, 0.472, 0.680, 0.687, 0.685, 0.678, 0.690, 0.690, 0.687
     911, 0.699, 0.703, 0.704, 0.690, 0.694, 0.766, 0.701, 0.693, 0.705, 0.688, 0.701, 0.688, 0.699, 0.696, 0.700, 0.701, 0.689, 0.689, 0.697, 0.697, 0.753, 0.684, 0.693, 0.686, 0.685, 0.696, 0.686, 0.752, 0.689, 0.687, 0.693, 0.689, 0.687, 0.696, 0.696, 0.693, 0.707, 0.693, 0.691, 0.690, 0.694, 0.690, 0.758, 0.696, 0.687, 0.692, 0.699, 0.694, 0.705, 0.691
     921, 0.700, 0.700, 0.696, 0.698, 0.691, 0.739, 0.689, 0.703, 0.696, 0.698, 0.706, 0.687, 0.699, 0.710, 0.699, 0.694, 0.697, 0.697, 0.694, 0.698, 0.735, 0.696, 0.695, 0.699, 0.705, 0.699, 0.703, 0.731, 0.693, 0.700, 0.695, 0.697, 0.696, 0.699, 0.704, 0.701, 0.699, 0.701, 0.697, 0.701, 0.692, 0.692, 0.725, 0.705, 0.692, 0.708, 0.703, 0.695, 0.701, 0.698
     931, 0.695, 0.700, 0.692, 0.704, 0.698, 0.706, 0.698, 0.703, 0.694, 0.689, 0.699, 0.696, 0.696, 0.709, 0.700, 0.692, 0.692, 0.694, 0.700, 0.705, 0.713, 0.696, 0.697, 0.700, 0.705, 0.702, 0.699, 0.708, 0.693, 0.701, 0.701, 0.707, 0.702, 0.700, 0.701, 0.698, 0.695, 0.702, 0.699, 0.693, 0.697, 0.694, 0.709, 0.699, 0.702, 0.702, 0.700, 0.699, 0.700, 0.692
     941, 0.698, 0.697, 0.701, 0.694, 0.699, 0.711, 0.699, 0.701, 0.698, 0.688, 0.702, 0.697, 0.697, 0.698, 0.704, 0.698, 0.695, 0.691, 0.703, 0.703, 0.711, 0.702, 0.703, 0.692, 0.702, 0.697, 0.699, 0.713, 0.698, 0.702, 0.700, 0.704, 0.700, 0.698, 0.707, 0.692, 0.704, 0.688, 0.699, 0.701, 0.697, 0.698, 0.709, 0.698, 0.708, 0.697, 0.691, 0.702, 0.695, 0.695
     951, 0.703, 0.696, 0.709, 0.693, 0.695, 0.701, 0.691, 0.701, 0.699, 0.693, 0.698, 0.698, 0.695, 0.702, 0.691, 0.705, 0.691, 0.704, 0.698, 0.705, 0.710, 0.701, 0.703, 0.696, 0.704, 0.704, 0.698, 0.698, 0.706, 0.685, 0.701, 0.701, 0.692, 0.700, 0.696, 0.699, 0.704, 0.688, 0.698, 0.701, 0.695, 0.696, 0.709, 0.698, 0.696, 0.691, 0.697, 0.701, 0.696, 0.703
     961, 0.708, 0.697, 0.700, 0.691, 0.699, 0.702, 0.702, 0.692, 0.698, 0.706, 0.696, 0.698, 0.693, 0.707, 0.703, 0.699, 0.697, 0.695, 0.697, 0.700, 0.711, 0.698, 0.697, 0.698, 0.699, 0.696, 0.707, 0.701, 0.702, 0.693, 0.697, 0.706, 0.693, 0.692, 0.700, 0.697, 0.691, 0.703, 0.703, 0.701, 0.695, 0.702, 0.703, 0.692, 0.691, 0.700, 0.705, 0.698, 0.699, 0.700
     971, 0.694, 0.697, 0.690, 0.697, 0.700, 0.707, 0.695, 0.703, 0.698, 0.700, 0.697, 0.700, 0.702, 0.701, 0.708, 0.704, 0.703, 0.699, 0.696, 0.700, 0.706, 0.701, 0.704, 0.701, 0.694, 0.699, 0.700, 0.710, 0.700, 0.701, 0.713, 0.703, 0.691, 0.697, 0.699, 0.699, 0.700, 0.698, 0.705, 0.691, 0.696, 0.704, 0.707, 0.701, 0.699, 0.703, 0.704, 0.702, 0.699, 0.703
     981, 0.700, 0.702, 0.696, 0.706, 0.696, 0.703, 0.698, 0.704, 0.697, 0.703, 0.702, 0.699, 0.696, 0.703, 0.709, 0.703, 0.698, 0.695, 0.704, 0.698, 0.707, 0.704, 0.699, 0.693, 0.701, 0.706, 0.703, 0.706, 0.710, 0.704, 0.705, 0.710, 0.694, 0.707, 0.706, 0.698, 0.703, 0.701, 0.707, 0.704, 0.697, 0.696, 0.700, 0.710, 0.706, 0.703, 0.706, 0.701, 0.699, 0.696
     991, 0.705, 0.710, 0.709, 0.701, 0.711, 0.713, 0.706, 0.706, 0.705, 0.709, 0.703, 0.708, 0.708, 0.704, 0.708, 0.701, 0.706, 0.704, 0.705, 0.703, 0.705, 0.701, 0.702, 0.703, 0.702, 0.699, 0.709, 0.703, 0.710, 0.698, 0.704, 0.711, 0.708, 0.703, 0.709, 0.704, 0.705, 0.705, 0.699, 0.715, 0.704, 0.699, 0.701, 0.702, 0.707, 0.702, 0.704, 0.704, 0.705, 0.702
    1001, 0.710, 0.709, 0.707, 0.709, 0.707, 0.709, 0.711, 0.711, 0.710, 0.707, 0.710, 0.708, 0.712, 0.705, 0.712, 0.711, 0.706, 0.703, 0.708, 0.706, 0.704, 0.704, 0.711, 0.709, 0.707, 0.706, 0.705, 0.710, 0.707, 0.707, 0.711, 0.707, 0.707, 0.714, 0.711, 0.713, 0.707, 0.703, 0.703, 0.712, 0.712, 0.705, 0.709, 0.703, 0.706, 0.711, 0.711, 0.708, 0.711, 0.711
    1011, 0.716, 0.716, 0.711, 0.717, 0.706, 0.706, 0.718, 0.717, 0.717, 0.711, 0.711, 0.708, 0.709, 0.713, 0.707, 0.717, 0.701, 0.715, 0.706, 0.717, 0.710, 0.713, 0.711, 0.715, 0.715, 0.714, 0.714, 0.710, 0.713, 0.715, 0.709, 0.710, 0.706, 0.711, 0.712, 0.712, 0.709, 0.714, 0.713, 0.709, 0.707, 0.720, 0.710, 0.707, 0.716, 0.710, 0.712, 0.713, 0.708, 0.710
    1021, 0.723, 0.719, 0.722, 0.718, 0.716, 0.715, 0.720, 0.724, 0.717, 0.721, 0.718, 0.714, 0.720, 0.719, 0.715, 0.716, 0.717, 0.726, 0.717, 0.720, 0.717, 0.718, 0.713, 0.715, 0.724, 0.716, 0.722, 0.724, 0.722, 0.720, 0.715, 0.720, 0.718, 0.714, 0.720, 0.719, 0.718, 0.718, 0.726, 0.714, 0.715, 0.722, 0.719, 0.718, 0.723, 0.721, 0.712, 0.720, 0.720, 0.721
    1031, 0.729, 0.724, 0.728, 0.725, 0.732, 0.734, 0.730, 0.730, 0.734, 0.728, 0.732, 0.734, 0.732, 0.725, 0.729, 0.726, 0.733, 0.724, 0.734, 0.724, 0.726, 0.728, 0.724, 0.722, 0.729, 0.722, 0.732, 0.727, 0.733, 0.727, 0.734, 0.727, 0.728, 0.734, 0.723, 0.730, 0.728, 0.725, 0.734, 0.731, 0.733, 0.729, 0.722, 0.731, 0.731, 0.734, 0.728, 0.724, 0.734, 0.725
    1041, 0.737, 0.741, 0.737, 0.743, 0.744, 0.739, 0.743, 0.737, 0.745, 0.739, 0.742, 0.740, 0.742, 0.734, 0.737, 0.740, 0.744, 0.734, 0.741, 0.739, 0.741, 0.738, 0.743, 0.738, 0.746, 0.736, 0.736, 0.737, 0.741, 0.738, 0.739, 0.740, 0.742, 0.739, 0.738, 0.740, 0.735, 0.736, 0.737, 0.737, 0.736, 0.739, 0.732, 0.741, 0.740, 0.740, 0.739, 0.739, 0.735, 0.736
    1051, 0.748, 0.756, 0.752, 0.753, 0.755, 0.751, 0.754, 0.750, 0.749, 0.754, 0.753, 0.753, 0.750, 0.752, 0.751, 0.758, 0.751, 0.754, 0.748, 0.751, 0.749, 0.750, 0.750, 0.750, 0.753, 0.753, 0.751, 0.750, 0.751, 0.748, 0.757, 0.755, 0.757, 0.755, 0.752, 0.756, 0.750, 0.752, 0.754, 0.749, 0.746, 0.750, 0.754, 0.753, 0.755, 0.746, 0.754, 0.747, 0.753, 0.755
    1061, 0.763, 0.774, 0.772, 0.771, 0.770, 0.771, 0.771, 0.776, 0.773, 0.765, 0.773, 0.764, 0.771, 0.771, 0.767, 0.770, 0.770, 0.767, 0.770, 0.772, 0.769, 0.774, 0.766, 0.769, 0.770, 0.771, 0.768, 0.770, 0.765, 0.770, 0.772, 0.771, 0.771, 0.772, 0.770, 0.769, 0.769, 0.769, 0.776, 0.764, 0.769, 0.772, 0.776, 0.770, 0.777, 0.769, 0.766, 0.765, 0.769, 0.774
    1071, 0.793, 0.791, 0.794, 0.794, 0.791, 0.788, 0.796, 0.794, 0.795, 0.789, 0.793, 0.792, 0.793, 0.793, 0.790, 0.792, 0.793, 0.784, 0.794, 0.795, 0.792, 0.791, 0.792, 0.793, 0.788, 0.790, 0.792, 0.787, 0.791, 0.792, 0.792, 0.788, 0.790, 0.794, 0.793, 0.791, 0.793, 0.790, 0.793, 0.793, 0.794, 0.791, 0.792, 0.791, 0.794, 0.789, 0.791, 0.790, 0.791, 0.791
    1081, 0.819, 0.819, 0.819, 0.820, 0.818, 0.814, 0.820, 0.818, 0.821, 0.817, 0.819, 0.817, 0.819, 0.816, 0.817, 0.817, 0.819, 0.819, 0.819, 0.820, 0.816, 0.818, 0.818, 0.822, 0.814, 0.816, 0.820, 0.817, 0.820, 0.820, 0.818, 0.818, 0.817, 0.823, 0.817, 0.819, 0.817, 0.816, 0.818, 0.821, 0.819, 0.815, 0.814, 0.819, 0.819, 0.817, 0.818, 0.816, 0.818, 0.819
    1091, 0.847, 0.850, 0.848, 0.848, 0.848, 0.848, 0.849, 0.849, 0.848, 0.847, 0.847, 0.849, 0.848, 0.849, 0.848, 0.849, 0.851, 0.851, 0.849, 0.850, 0.848, 0.850, 0.849, 0.849, 0.848, 0.850, 0.850, 0.847, 0.849, 0.850, 0.848, 0.850, 0.849, 0.851, 0.849, 0.848, 0.850, 0.850, 0.849, 0.850, 0.850, 0.850, 0.847, 0.850, 0.850, 0.845, 0.848, 0.847, 0.851, 0.850
    1101, 0.880, 0.881, 0.881, 0.880, 0.881, 0.881, 0.880, 0.880, 0.881, 0.880, 0.882, 0.880, 0.880, 0.879, 0.879, 0.883, 0.884, 0.882, 0.880, 0.882, 0.882, 0.882, 0.883, 0.881, 0.881, 0.880, 0.882, 0.881, 0.884, 0.883, 0.880, 0.881, 0.880, 0.881, 0.881, 0.879, 0.882, 0.882, 0.883, 0.880, 0.883, 0.881, 0.881, 0.882, 0.883, 0.880, 0.881, 0.881, 0.882, 0.881
    1111, 0.927, 0.929, 0.928, 0.927, 0.929, 0.928, 0.928, 0.928, 0.928, 0.926, 0.928, 0.928, 0.928, 0.926, 0.926, 0.930, 0.931, 0.930, 0.927, 0.929, 0.929, 0.929, 0.930, 0.927, 0.928, 0.927, 0.928, 0.928, 0.931, 0.929, 0.926, 0.928, 0.926, 0.927, 0.929, 0.926, 0.929, 0.930, 0.931, 0.927, 0.930, 0.928, 0.928, 0.929, 0.930, 0.926, 0.928, 0.927, 0.928, 0.927
    1121, 0.927, 0.929, 0.928, 0.927, 0.929, 0.928, 0.928, 0.928, 0.928, 0.926, 0.928, 0.927, 0.927, 0.926, 0.926, 0.930, 0.930, 0.930, 0.926, 0.929, 0.929, 0.928, 0.930, 0.926, 0.927, 0.927, 0.927, 0.927, 0.931, 0.929, 0.926, 0.928, 0.926, 0.927, 0.928, 0.926, 0.929, 0.930, 0.930, 0.926, 0.929, 0.927, 0.928, 0.929, 0.930, 0.925, 0.928, 0.927, 0.928, 0.927
    1131, 0.926, 0.929, 0.928, 0.927, 0.928, 0.928, 0.928, 0.928, 0.928, 0.926, 0.928, 0.927, 0.927, 0.926, 0.926, 0.929, 0.930, 0.929, 0.926, 0.929, 0.928, 0.928, 0.930, 0.926, 0.927, 0.927, 0.927, 0.927, 0.931, 0.929, 0.926, 0.928, 0.926, 0.927, 0.928, 0.925, 0.929, 0.930, 0.930, 0.926, 0.929, 0.927, 0.927, 0.929, 0.929, 0.925, 0.928, 0.926, 0.928, 0.927
    1141, 0.926, 0.928, 0.928, 0.927, 0.928, 0.928, 0.927, 0.928, 0.927, 0.926, 0.927, 0.927, 0.927, 0.926, 0.926, 0.929, 0.930, 0.929, 0.926, 0.929, 0.928, 0.928, 0.930, 0.926, 0.927, 0.927, 0.926, 0.927, 0.930, 0.928, 0.926, 0.927, 0.926, 0.926, 0.928, 0.925, 0.928, 0.930, 0.930, 0.926, 0.929, 0.927, 0.927, 0.929, 0.929, 0.925, 0.928, 0.926, 0.928, 0.927
    1151, 0.926, 0.928, 0.928, 0.927, 0.928, 0.927, 0.927, 0.927, 0.927, 0.926, 0.927, 0.926, 0.927, 0.926, 0.926, 0.929, 0.929, 0.929, 0.926, 0.929, 0.928, 0.928, 0.929, 0.926, 0.927, 0.927, 0.926, 0.927, 0.930, 0.928, 0.926, 0.927, 0.926, 0.926, 0.928, 0.925, 0.928, 0.930, 0.929, 0.926, 0.929, 0.927, 0.927, 0.928, 0.929, 0.925, 0.928, 0.926, 0.928, 0.926
    1161, 0.926, 0.928, 0.928, 0.927, 0.928, 0.927, 0.927, 0.927, 0.927, 0.926, 0.927, 0.926, 0.927, 0.926, 0.926, 0.929, 0.929, 0.929, 0.926, 0.929, 0.928, 0.927, 0.929, 0.926, 0.927, 0.927, 0.926, 0.927, 0.930, 0.928, 0.926, 0.927, 0.926, 0.926, 0.928, 0.925, 0.928, 0.929, 0.929, 0.926, 0.929, 0.927, 0.927, 0.928, 0.929, 0.925, 0.928, 0.925, 0.927, 0.926
    1171, 0.926, 0.928, 0.928, 0.927, 0.928, 0.927, 0.927, 0.927, 0.927, 0.926, 0.927, 0.926, 0.927, 0.925, 0.926, 0.929, 0.929, 0.929, 0.925, 0.929, 0.927, 0.927, 0.929, 0.926, 0.927, 0.927, 0.926, 0.927, 0.930, 0.928, 0.926, 0.927, 0.926, 0.926, 0.928, 0.925, 0.928, 0.929, 0.929, 0.925, 0.929, 0.927, 0.927, 0.928, 0.929, 0.925, 0.928, 0.925, 0.927, 0.926
    1181, 0.926, 0.927, 0.928, 0.926, 0.928, 0.927, 0.927, 0.927, 0.927, 0.926, 0.927, 0.926, 0.927, 0.925, 0.926, 0.929, 0.929, 0.929, 0.925, 0.929, 0.927, 0.927, 0.929, 0.926, 0.926, 0.927, 0.926, 0.927, 0.930, 0.928, 0.926, 0.927, 0.926, 0.926, 0.928, 0.925, 0.928, 0.929, 0.929, 0.925, 0.929, 0.926, 0.927, 0.928, 0.929, 0.925, 0.928, 0.925, 0.927, 0.926
    1191, 0.926, 0.927, 0.927, 0.926, 0.928, 0.927, 0.927, 0.927, 0.927, 0.926, 0.926, 0.926, 0.927, 0.925, 0.926, 0.929, 0.929, 0.929, 0.925, 0.929, 0.927, 0.927, 0.929, 0.926, 0.926, 0.927, 0.926, 0.927, 0.930, 0.928, 0.926, 0.927, 0.926, 0.926, 0.928, 0.925, 0.928, 0.929, 0.929, 0.925, 0.929, 0.926, 0.927, 0.928, 0.929, 0.925, 0.927, 0.925, 0.927, 0.926
    1201, 0.926, 0.927, 0.927, 0.926, 0.928, 0.927, 0.927, 0.927, 0.927, 0.925, 0.926, 0.926, 0.927, 0.925, 0.926, 0.929, 0.929, 0.929, 0.925, 0.929, 0.927, 0.927, 0.929, 0.926, 0.926, 0.927, 0.926, 0.926, 0.929, 0.928, 0.926, 0.927, 0.926, 0.925, 0.928, 0.925, 0.928, 0.929, 0.929, 0.925, 0.929, 0.926, 0.927, 0.928, 0.929, 0.925, 0.927, 0.925, 0.927, 0.926
    1211, 0.926, 0.927, 0.927, 0.926, 0.928, 0.927, 0.927, 0.927, 0.927, 0.925, 0.926, 0.926, 0.927, 0.925, 0.926, 0.929, 0.929, 0.929, 0.925, 0.929, 0.927, 0.927, 0.929, 0.926, 0.926, 0.927, 0.926, 0.926, 0.929, 0.928, 0.926, 0.927, 0.926, 0.925, 0.928, 0.925, 0.928, 0.929, 0.929, 0.925, 0.929, 0.926, 0.927, 0.928, 0.929, 0.925, 0.927, 0.925, 0.927, 0.926
    1221, 0.926, 0.927, 0.927, 0.926, 0.928, 0.927, 0.927, 0.927, 0.927, 0.925, 0.926, 0.926, 0.927, 0.925, 0.926, 0.929, 0.929, 0.929, 0.925, 0.929, 0.927, 0.927, 0.929, 0.926, 0.926, 0.927, 0.926, 0.926, 0.929, 0.928, 0.926, 0.926, 0.926, 0.925, 0.928, 0.925, 0.928, 0.929, 0.928, 0.925, 0.929, 0.926, 0.927, 0.928, 0.929, 0.925, 0.927, 0.925, 0.927, 0.926
    1231, 0.926, 0.927, 0.927, 0.926, 0.928, 0.927, 0.927, 0.927, 0.927, 0.925, 0.926, 0.926, 0.927, 0.925, 0.926, 0.929, 0.929, 0.929, 0.925, 0.929, 0.927, 0.927, 0.929, 0.926, 0.926, 0.927, 0.926, 0.926, 0.929, 0.927, 0.926, 0.926, 0.926, 0.925, 0.928, 0.925, 0.928, 0.929, 0.928, 0.924, 0.929, 0.926, 0.926, 0.928, 0.929, 0.925, 0.927, 0.925, 0.926, 0.926
    1241, 0.926, 0.927, 0.927, 0.926, 0.928, 0.927, 0.927, 0.927, 0.927, 0.925, 0.926, 0.926, 0.927, 0.925, 0.926, 0.929, 0.929, 0.929, 0.925, 0.929, 0.927, 0.927, 0.929, 0.926, 0.926, 0.927, 0.926, 0.926, 0.929, 0.927, 0.926, 0.926, 0.926, 0.925, 0.928, 0.925, 0.928, 0.929, 0.928, 0.924, 0.929, 0.926, 0.926, 0.928, 0.929, 0.924, 0.927, 0.925, 0.926, 0.926
    1251, 0.926, 0.927, 0.927, 0.926, 0.928, 0.927, 0.927, 0.927, 0.927, 0.925, 0.926, 0.926, 0.926, 0.925, 0.926, 0.929, 0.929, 0.929, 0.925, 0.929, 0.927, 0.927, 0.929, 0.926, 0.926, 0.927, 0.926, 0.926, 0.929, 0.927, 0.926, 0.926, 0.926, 0.925, 0.928, 0.925, 0.928, 0.929, 0.928, 0.924, 0.929, 0.926, 0.926, 0.928, 0.929, 0.924, 0.927, 0.925, 0.926, 0.926
    1261, 0.926, 0.927, 0.927, 0.926, 0.928, 0.927, 0.927, 0.927, 0.927, 0.925, 0.926, 0.926, 0.927, 0.925, 0.926, 0.929, 0.929, 0.929, 0.924, 0.929, 0.927, 0.927, 0.928, 0.926, 0.926, 0.927, 0.926, 0.926, 0.929, 0.927, 0.926, 0.926, 0.926, 0.925, 0.928, 0.925, 0.928, 0.929, 0.928, 0.924, 0.929, 0.926, 0.926, 0.928, 0.929, 0.924, 0.927, 0.925, 0.926, 0.925
    1271, 0.926, 0.927, 0.927, 0.926, 0.928, 0.927, 0.927, 0.927, 0.927, 0.925, 0.926, 0.926, 0.927, 0.925, 0.926, 0.929, 0.929, 0.929, 0.924, 0.929, 0.927, 0.927, 0.928, 0.926, 0.926, 0.927, 0.926, 0.925, 0.929, 0.927, 0.926, 0.926, 0.926, 0.925, 0.927, 0.925, 0.928, 0.929, 0.928, 0.924, 0.929, 0.926, 0.926, 0.928, 0.929, 0.924, 0.926, 0.925, 0.926, 0.925
    1281, 0.926, 0.927, 0.927, 0.926, 0.928, 0.927, 0.927, 0.927, 0.927, 0.925, 0.926, 0.926, 0.927, 0.925, 0.926, 0.929, 0.929, 0.929, 0.924, 0.929, 0.926, 0.927, 0.928, 0.926, 0.926, 0.927, 0.926, 0.925, 0.929, 0.927, 0.926, 0.926, 0.926, 0.925, 0.927, 0.925, 0.928, 0.929, 0.928, 0.924, 0.929, 0.926, 0.926, 0.928, 0.929, 0.924, 0.926, 0.925, 0.926, 0.925
    1291, 0.926, 0.927, 0.927, 0.926, 0.927, 0.927, 0.927, 0.927, 0.927, 0.925, 0.926, 0.926, 0.926, 0.925, 0.926, 0.929, 0.929, 0.929, 0.924, 0.928, 0.926, 0.927, 0.928, 0.926, 0.926, 0.927, 0.926, 0.925, 0.929, 0.927, 0.926, 0.926, 0.926, 0.925, 0.927, 0.925, 0.928, 0.929, 0.928, 0.924, 0.929, 0.926, 0.926, 0.928, 0.929, 0.925, 0.926, 0.925, 0.926, 0.925
