      10, 0.302, 0.288, 0.301, 0.297, 0.287, 0.284, 0.292, 0.294, 0.295, 0.301, 0.300, 0.295, 0.297, 0.300, 0.288, 0.296, 0.298, 0.285, 0.296, 0.283, 0.299, 0.295, 0.295, 0.295, 0.292, 0.296, 0.303, 0.304, 0.297, 0.296, 0.288, 0.303, 0.299, 0.280, 0.295, 0.287, 0.298, 0.301, 0.297, 0.303, 0.293, 0.285, 0.294, 0.300, 0.291, 0.304, 0.301, 0.294, 0.291, 0.301
      20, 0.293, 0.272, 0.290, 0.282, 0.280, 0.278, 0.283, 0.276, 0.279, 0.290, 0.278, 0.286, 0.284, 0.293, 0.271, 0.285, 0.289, 0.272, 0.283, 0.276, 0.284, 0.282, 0.277, 0.283, 0.281, 0.281, 0.293, 0.286, 0.284, 0.287, 0.276, 0.294, 0.288, 0.272, 0.288, 0.274, 0.277, 0.287, 0.283, 0.299, 0.285, 0.274, 0.276, 0.280, 0.282, 0.291, 0.291, 0.287, 0.280, 0.294
      30, 0.289, 0.267, 0.284, 0.278, 0.278, 0.274, 0.281, 0.270, 0.274, 0.286, 0.278, 0.278, 0.270, 0.286, 0.264, 0.285, 0.279, 0.267, 0.275, 0.271, 0.274, 0.276, 0.267, 0.277, 0.279, 0.275, 0.286, 0.274, 0.284, 0.283, 0.266, 0.287, 0.277, 0.268, 0.275, 0.264, 0.272, 0.287, 0.285, 0.289, 0.278, 0.270, 0.267, 0.269, 0.277, 0.276, 0.284, 0.278, 0.277, 0.285
      40, 0.282, 0.268, 0.280, 0.275, 0.282, 0.273, 0.280, 0.271, 0.260, 0.290, 0.275, 0.272, 0.267, 0.280, 0.262, 0.277, 0.278, 0.264, 0.278, 0.270, 0.269, 0.272, 0.264, 0.273, 0.273, 0.267, 0.284, 0.271, 0.280, 0.287, 0.269, 0.284, 0.267, 0.267, 0.276, 0.259, 0.270, 0.282, 0.275, 0.283, 0.270, 0.268, 0.268, 0.269, 0.272, 0.274, 0.279, 0.276, 0.276, 0.283
      50, 0.278, 0.261, 0.272, 0.275, 0.280, 0.267, 0.277, 0.265, 0.262, 0.285, 0.270, 0.262, 0.265, 0.272, 0.259, 0.275, 0.267, 0.264, 0.275, 0.268, 0.269, 0.271, 0.264, 0.271, 0.269, 0.264, 0.278, 0.265, 0.280, 0.282, 0.270, 0.280, 0.261, 0.264, 0.270, 0.263, 0.265, 0.279, 0.271, 0.276, 0.268, 0.266, 0.270, 0.262, 0.265, 0.268, 0.275, 0.269, 0.276, 0.277
      60, 0.273, 0.269, 0.271, 0.274, 0.276, 0.270, 0.272, 0.267, 0.262, 0.286, 0.268, 0.270, 0.258, 0.268, 0.259, 0.265, 0.264, 0.265, 0.268, 0.264, 0.268, 0.269, 0.262, 0.269, 0.270, 0.263, 0.269, 0.266, 0.277, 0.283, 0.262, 0.274, 0.259, 0.262, 0.267, 0.261, 0.262, 0.276, 0.267, 0.281, 0.264, 0.268, 0.268, 0.262, 0.269, 0.269, 0.271, 0.273, 0.273, 0.276
      70, 0.269, 0.264, 0.268, 0.276, 0.273, 0.271, 0.266, 0.263, 0.257, 0.284, 0.267, 0.263, 0.258, 0.262, 0.257, 0.267, 0.263, 0.264, 0.272, 0.269, 0.266, 0.273, 0.261, 0.268, 0.270, 0.261, 0.265, 0.265, 0.270, 0.280, 0.263, 0.267, 0.259, 0.266, 0.264, 0.261, 0.262, 0.265, 0.268, 0.277, 0.265, 0.265, 0.268, 0.262, 0.266, 0.266, 0.264, 0.271, 0.269, 0.272
      80, 0.266, 0.263, 0.267, 0.268, 0.277, 0.269, 0.265, 0.261, 0.261, 0.281, 0.265, 0.265, 0.257, 0.266, 0.258, 0.268, 0.261, 0.266, 0.269, 0.265, 0.269, 0.271, 0.260, 0.266, 0.266, 0.263, 0.270, 0.264, 0.267, 0.276, 0.264, 0.269, 0.254, 0.266, 0.261, 0.261, 0.259, 0.266, 0.267, 0.276, 0.263, 0.268, 0.267, 0.259, 0.263, 0.267, 0.261, 0.266, 0.267, 0.274
      90, 0.268, 0.261, 0.262, 0.266, 0.272, 0.268, 0.267, 0.264, 0.261, 0.282, 0.267, 0.265, 0.259, 0.259, 0.257, 0.268, 0.260, 0.262, 0.266, 0.264, 0.264, 0.266, 0.258, 0.264, 0.272, 0.260, 0.265, 0.263, 0.263, 0.272, 0.267, 0.271, 0.251, 0.263, 0.260, 0.259, 0.261, 0.264, 0.266, 0.276, 0.265, 0.264, 0.266, 0.262, 0.264, 0.264, 0.264, 0.264, 0.266, 0.271
     100, 0.269, 0.266, 0.261, 0.260, 0.273, 0.268, 0.265, 0.264, 0.259, 0.285, 0.262, 0.263, 0.256, 0.262, 0.254, 0.267, 0.257, 0.264, 0.267, 0.265, 0.264, 0.269, 0.257, 0.267, 0.262, 0.259, 0.269, 0.261, 0.258, 0.269, 0.264, 0.265, 0.253, 0.265, 0.259, 0.254, 0.264, 0.262, 0.265, 0.272, 0.263, 0.264, 0.265, 0.261, 0.265, 0.266, 0.262, 0.265, 0.266, 0.273
     110, 0.278, 0.281, 0.258, 0.284, 0.284, 0.284, 0.265, 0.277, 0.292, 0.272, 0.289, 0.272, 0.251, 0.264, 0.262, 0.275, 0.285, 0.281, 0.290, 0.282, 0.256, 0.280, 0.260, 0.289, 0.266, 0.259, 0.283, 0.293, 0.250, 0.294, 0.290, 0.276, 0.249, 0.291, 0.279, 0.277, 0.275, 0.279, 0.285, 0.259, 0.267, 0.262, 0.274, 0.260, 0.292, 0.281, 0.291, 0.291, 0.272, 0.281
     120, 0.272, 0.274, 0.262, 0.271, 0.283, 0.280, 0.266, 0.278, 0.282, 0.263, 0.283, 0.262, 0.254, 0.262, 0.264, 0.271, 0.281, 0.272, 0.281, 0.278, 0.262, 0.277, 0.259, 0.287, 0.261, 0.262, 0.280, 0.285, 0.255, 0.292, 0.289, 0.275, 0.257, 0.280, 0.269, 0.257, 0.271, 0.277, 0.276, 0.261, 0.260, 0.263, 0.264, 0.263, 0.280, 0.278, 0.283, 0.287, 0.264, 0.272
     130, 0.263, 0.267, 0.267, 0.265, 0.279, 0.277, 0.268, 0.269, 0.279, 0.265, 0.281, 0.265, 0.260, 0.263, 0.261, 0.263, 0.268, 0.267, 0.274, 0.275, 0.261, 0.277, 0.255, 0.285, 0.262, 0.256, 0.281, 0.279, 0.254, 0.293, 0.287, 0.275, 0.250, 0.272, 0.266, 0.254, 0.267, 0.275, 0.266, 0.258, 0.262, 0.267, 0.262, 0.262, 0.272, 0.272, 0.276, 0.278, 0.261, 0.270
     140, 0.262, 0.264, 0.264, 0.262, 0.275, 0.275, 0.267, 0.271, 0.267, 0.271, 0.272, 0.256, 0.263, 0.264, 0.261, 0.263, 0.255, 0.266, 0.266, 0.272, 0.262, 0.276, 0.261, 0.277, 0.260, 0.260, 0.281, 0.278, 0.253, 0.285, 0.281, 0.274, 0.253, 0.264, 0.257, 0.252, 0.265, 0.281, 0.265, 0.261, 0.260, 0.263, 0.259, 0.260, 0.266, 0.272, 0.278, 0.270, 0.261, 0.273
     150, 0.261, 0.263, 0.263, 0.263, 0.274, 0.271, 0.268, 0.263, 0.256, 0.267, 0.264, 0.257, 0.259, 0.267, 0.262, 0.264, 0.253, 0.259, 0.258, 0.273, 0.261, 0.272, 0.255, 0.269, 0.258, 0.259, 0.279, 0.273, 0.249, 0.285, 0.274, 0.276, 0.254, 0.263, 0.259, 0.249, 0.261, 0.272, 0.262, 0.262, 0.259, 0.264, 0.262, 0.261, 0.267, 0.268, 0.269, 0.264, 0.263, 0.265
     160, 0.257, 0.258, 0.261, 0.257, 0.268, 0.268, 0.265, 0.267, 0.255, 0.266, 0.260, 0.256, 0.256, 0.266, 0.261, 0.262, 0.250, 0.258, 0.263, 0.269, 0.262, 0.276, 0.259, 0.266, 0.256, 0.256, 0.273, 0.270, 0.252, 0.280, 0.270, 0.277, 0.250, 0.267, 0.260, 0.250, 0.263, 0.272, 0.260, 0.261, 0.256, 0.261, 0.261, 0.258, 0.264, 0.262, 0.270, 0.265, 0.259, 0.265
     170, 0.256, 0.261, 0.263, 0.256, 0.269, 0.271, 0.266, 0.262, 0.253, 0.261, 0.260, 0.257, 0.256, 0.262, 0.261, 0.259, 0.255, 0.259, 0.258, 0.269, 0.260, 0.273, 0.260, 0.263, 0.259, 0.255, 0.272, 0.271, 0.252, 0.279, 0.268, 0.270, 0.251, 0.263, 0.261, 0.249, 0.261, 0.270, 0.260, 0.261, 0.255, 0.264, 0.260, 0.256, 0.268, 0.262, 0.269, 0.262, 0.260, 0.265
     180, 0.257, 0.260, 0.262, 0.265, 0.267, 0.265, 0.261, 0.260, 0.252, 0.265, 0.258, 0.258, 0.259, 0.266, 0.262, 0.263, 0.254, 0.260, 0.256, 0.269, 0.260, 0.273, 0.258, 0.258, 0.259, 0.254, 0.275, 0.267, 0.251, 0.276, 0.268, 0.273, 0.251, 0.261, 0.256, 0.248, 0.266, 0.268, 0.263, 0.259, 0.253, 0.265, 0.260, 0.261, 0.266, 0.260, 0.269, 0.260, 0.261, 0.261
     190, 0.255, 0.261, 0.260, 0.257, 0.261, 0.262, 0.265, 0.258, 0.251, 0.261, 0.258, 0.259, 0.260, 0.263, 0.260, 0.259, 0.253, 0.256, 0.250, 0.268, 0.263, 0.273, 0.257, 0.258, 0.253, 0.254, 0.275, 0.263, 0.249, 0.276, 0.264, 0.268, 0.254, 0.262, 0.259, 0.247, 0.264, 0.275, 0.258, 0.262, 0.255, 0.268, 0.256, 0.260, 0.266, 0.261, 0.270, 0.260, 0.260, 0.257
     200, 0.255, 0.258, 0.261, 0.262, 0.258, 0.261, 0.265, 0.261, 0.249, 0.261, 0.255, 0.261, 0.258, 0.260, 0.264, 0.259, 0.250, 0.255, 0.252, 0.265, 0.259, 0.268, 0.256, 0.256, 0.259, 0.257, 0.275, 0.268, 0.251, 0.269, 0.264, 0.267, 0.247, 0.262, 0.256, 0.249, 0.259, 0.274, 0.259, 0.258, 0.255, 0.264, 0.260, 0.259, 0.271, 0.261, 0.265, 0.263, 0.260, 0.259
     210, 0.253, 0.256, 0.275, 0.270, 0.289, 0.292, 0.288, 0.281, 0.239, 0.275, 0.280, 0.249, 0.275, 0.278, 0.286, 0.289, 0.238, 0.286, 0.268, 0.263, 0.251, 0.259, 0.296, 0.273, 0.283, 0.262, 0.268, 0.265, 0.272, 0.268, 0.261, 0.279, 0.265, 0.249, 0.271, 0.277, 0.264, 0.274, 0.264, 0.272, 0.279, 0.259, 0.285, 0.288, 0.265, 0.276, 0.278, 0.281, 0.254, 0.261
     220, 0.257, 0.263, 0.261, 0.269, 0.289, 0.283, 0.280, 0.272, 0.244, 0.276, 0.272, 0.259, 0.262, 0.271, 0.271, 0.276, 0.249, 0.282, 0.255, 0.267, 0.261, 0.258, 0.290, 0.271, 0.276, 0.262, 0.262, 0.260, 0.253, 0.262, 0.264, 0.271, 0.266, 0.254, 0.262, 0.273, 0.260, 0.259, 0.259, 0.271, 0.264, 0.262, 0.274, 0.278, 0.257, 0.266, 0.266, 0.270, 0.256, 0.255
     230, 0.262, 0.262, 0.257, 0.259, 0.285, 0.272, 0.276, 0.266, 0.247, 0.272, 0.263, 0.257, 0.260, 0.262, 0.270, 0.267, 0.249, 0.278, 0.251, 0.265, 0.258, 0.263, 0.287, 0.270, 0.265, 0.261, 0.256, 0.258, 0.249, 0.255, 0.260, 0.272, 0.258, 0.254, 0.260, 0.261, 0.262, 0.260, 0.261, 0.267, 0.255, 0.264, 0.265, 0.264, 0.253, 0.264, 0.263, 0.265, 0.261, 0.258
     240, 0.257, 0.259, 0.259, 0.257, 0.279, 0.267, 0.266, 0.262, 0.244, 0.273, 0.262, 0.256, 0.255, 0.257, 0.267, 0.261, 0.247, 0.281, 0.246, 0.265, 0.260, 0.260, 0.289, 0.268, 0.252, 0.258, 0.261, 0.259, 0.248, 0.260, 0.259, 0.272, 0.264, 0.251, 0.258, 0.254, 0.262, 0.260, 0.261, 0.271, 0.254, 0.268, 0.264, 0.260, 0.253, 0.263, 0.253, 0.257, 0.256, 0.257
     250, 0.255, 0.261, 0.257, 0.255, 0.275, 0.268, 0.266, 0.264, 0.243, 0.270, 0.260, 0.254, 0.259, 0.262, 0.264, 0.261, 0.246, 0.276, 0.245, 0.262, 0.261, 0.264, 0.282, 0.272, 0.247, 0.258, 0.255, 0.258, 0.246, 0.261, 0.257, 0.270, 0.262, 0.253, 0.264, 0.249, 0.260, 0.260, 0.261, 0.269, 0.257, 0.265, 0.268, 0.257, 0.254, 0.264, 0.254, 0.257, 0.253, 0.258
     260, 0.256, 0.262, 0.255, 0.258, 0.272, 0.264, 0.259, 0.261, 0.245, 0.267, 0.257, 0.254, 0.258, 0.258, 0.262, 0.261, 0.249, 0.278, 0.247, 0.264, 0.262, 0.260, 0.271, 0.271, 0.242, 0.253, 0.256, 0.258, 0.252, 0.257, 0.259, 0.267, 0.261, 0.257, 0.261, 0.243, 0.261, 0.263, 0.263, 0.270, 0.253, 0.261, 0.263, 0.255, 0.249, 0.264, 0.256, 0.260, 0.254, 0.255
     270, 0.250, 0.262, 0.258, 0.257, 0.271, 0.263, 0.260, 0.264, 0.245, 0.268, 0.254, 0.258, 0.255, 0.260, 0.260, 0.258, 0.246, 0.273, 0.243, 0.261, 0.262, 0.262, 0.266, 0.266, 0.238, 0.253, 0.256, 0.255, 0.247, 0.257, 0.261, 0.270, 0.259, 0.257, 0.258, 0.246, 0.261, 0.261, 0.262, 0.265, 0.253, 0.265, 0.262, 0.265, 0.257, 0.265, 0.257, 0.261, 0.254, 0.256
     280, 0.252, 0.263, 0.258, 0.258, 0.268, 0.258, 0.263, 0.261, 0.241, 0.266, 0.252, 0.256, 0.255, 0.254, 0.260, 0.257, 0.248, 0.265, 0.240, 0.261, 0.257, 0.260, 0.261, 0.266, 0.231, 0.257, 0.254, 0.258, 0.238, 0.257, 0.262, 0.265, 0.256, 0.252, 0.259, 0.242, 0.263, 0.257, 0.261, 0.268, 0.255, 0.269, 0.259, 0.255, 0.252, 0.264, 0.253, 0.259, 0.260, 0.254
     290, 0.251, 0.267, 0.256, 0.255, 0.266, 0.261, 0.260, 0.265, 0.243, 0.265, 0.253, 0.255, 0.258, 0.255, 0.257, 0.263, 0.247, 0.262, 0.236, 0.260, 0.261, 0.257, 0.259, 0.267, 0.228, 0.255, 0.257, 0.258, 0.244, 0.257, 0.259, 0.269, 0.254, 0.254, 0.258, 0.232, 0.260, 0.256, 0.261, 0.264, 0.248, 0.264, 0.258, 0.258, 0.251, 0.263, 0.255, 0.258, 0.256, 0.255
     300, 0.256, 0.261, 0.253, 0.259, 0.263, 0.263, 0.258, 0.262, 0.239, 0.265, 0.254, 0.256, 0.255, 0.252, 0.257, 0.261, 0.246, 0.261, 0.233, 0.265, 0.260, 0.262, 0.258, 0.264, 0.226, 0.255, 0.257, 0.257, 0.243, 0.256, 0.261, 0.266, 0.260, 0.257, 0.258, 0.233, 0.257, 0.257, 0.261, 0.264, 0.251, 0.265, 0.263, 0.261, 0.249, 0.261, 0.255, 0.256, 0.253, 0.253
     310, 0.287, 0.277, 0.295, 0.280, 0.282, 0.274, 0.283, 0.290, 0.236, 0.279, 0.278, 0.276, 0.285, 0.271, 0.288, 0.273, 0.224, 0.283, 0.238, 0.280, 0.270, 0.290, 0.243, 0.258, 0.264, 0.279, 0.290, 0.277, 0.258, 0.284, 0.275, 0.286, 0.288, 0.228, 0.278, 0.278, 0.277, 0.248, 0.276, 0.290, 0.275, 0.273, 0.268, 0.259, 0.286, 0.290, 0.275, 0.271, 0.299, 0.277
     320, 0.279, 0.264, 0.285, 0.269, 0.266, 0.266, 0.274, 0.286, 0.242, 0.269, 0.257, 0.274, 0.275, 0.266, 0.286, 0.264, 0.226, 0.280, 0.241, 0.275, 0.258, 0.279, 0.252, 0.254, 0.232, 0.271, 0.281, 0.269, 0.245, 0.269, 0.267, 0.284, 0.277, 0.228, 0.262, 0.248, 0.272, 0.255, 0.276, 0.281, 0.266, 0.265, 0.263, 0.265, 0.279, 0.284, 0.262, 0.265, 0.291, 0.265
     330, 0.282, 0.259, 0.283, 0.266, 0.258, 0.261, 0.269, 0.283, 0.244, 0.265, 0.254, 0.274, 0.261, 0.259, 0.282, 0.263, 0.228, 0.266, 0.239, 0.276, 0.256, 0.271, 0.252, 0.253, 0.217, 0.266, 0.271, 0.259, 0.238, 0.262, 0.262, 0.284, 0.267, 0.229, 0.259, 0.230, 0.266, 0.255, 0.274, 0.268, 0.263, 0.264, 0.262, 0.258, 0.264, 0.282, 0.262, 0.261, 0.290, 0.259
     340, 0.275, 0.258, 0.275, 0.258, 0.259, 0.259, 0.261, 0.278, 0.246, 0.266, 0.250, 0.272, 0.260, 0.258, 0.281, 0.258, 0.223, 0.266, 0.242, 0.273, 0.257, 0.266, 0.255, 0.250, 0.207, 0.261, 0.261, 0.258, 0.233, 0.265, 0.260, 0.278, 0.267, 0.227, 0.258, 0.214, 0.263, 0.254, 0.273, 0.269, 0.259, 0.258, 0.260, 0.261, 0.255, 0.276, 0.260, 0.262, 0.290, 0.254
     350, 0.267, 0.262, 0.269, 0.257, 0.257, 0.261, 0.263, 0.269, 0.245, 0.263, 0.251, 0.265, 0.259, 0.257, 0.277, 0.252, 0.221, 0.262, 0.240, 0.273, 0.251, 0.266, 0.253, 0.251, 0.201, 0.261, 0.257, 0.255, 0.224, 0.262, 0.260, 0.270, 0.266, 0.223, 0.260, 0.207, 0.260, 0.256, 0.276, 0.266, 0.259, 0.260, 0.259, 0.259, 0.251, 0.278, 0.261, 0.261, 0.288, 0.247
     360, 0.256, 0.259, 0.265, 0.252, 0.254, 0.261, 0.265, 0.263, 0.246, 0.261, 0.253, 0.270, 0.260, 0.257, 0.271, 0.251, 0.211, 0.260, 0.241, 0.268, 0.252, 0.265, 0.251, 0.249, 0.200, 0.254, 0.259, 0.252, 0.224, 0.262, 0.260, 0.266, 0.263, 0.221, 0.258, 0.206, 0.260, 0.257, 0.275, 0.268, 0.259, 0.259, 0.262, 0.259, 0.254, 0.271, 0.255, 0.261, 0.290, 0.236
     370, 0.249, 0.258, 0.257, 0.255, 0.257, 0.262, 0.262, 0.257, 0.246, 0.259, 0.252, 0.266, 0.258, 0.255, 0.269, 0.249, 0.212, 0.261, 0.242, 0.272, 0.254, 0.264, 0.253, 0.251, 0.202, 0.264, 0.259, 0.259, 0.224, 0.260, 0.258, 0.263, 0.258, 0.223, 0.260, 0.201, 0.262, 0.257, 0.273, 0.260, 0.263, 0.255, 0.258, 0.257, 0.249, 0.265, 0.260, 0.259, 0.288, 0.225
     380, 0.251, 0.260, 0.257, 0.255, 0.255, 0.259, 0.262, 0.260, 0.243, 0.265, 0.248, 0.264, 0.257, 0.256, 0.266, 0.248, 0.207, 0.257, 0.244, 0.267, 0.255, 0.265, 0.253, 0.249, 0.203, 0.257, 0.258, 0.256, 0.222, 0.258, 0.256, 0.268, 0.258, 0.220, 0.254, 0.202, 0.261, 0.258, 0.265, 0.262, 0.262, 0.258, 0.260, 0.256, 0.241, 0.265, 0.255, 0.263, 0.285, 0.210
     390, 0.247, 0.257, 0.257, 0.252, 0.258, 0.260, 0.259, 0.254, 0.243, 0.259, 0.251, 0.265, 0.259, 0.257, 0.261, 0.246, 0.206, 0.260, 0.243, 0.265, 0.251, 0.264, 0.254, 0.253, 0.204, 0.261, 0.257, 0.254, 0.214, 0.260, 0.260, 0.266, 0.264, 0.211, 0.257, 0.203, 0.263, 0.254, 0.263, 0.267, 0.257, 0.259, 0.257, 0.261, 0.239, 0.267, 0.258, 0.260, 0.287, 0.206
     400, 0.249, 0.259, 0.253, 0.250, 0.256, 0.259, 0.258, 0.257, 0.244, 0.252, 0.249, 0.263, 0.260, 0.257, 0.261, 0.245, 0.207, 0.257, 0.238, 0.262, 0.251, 0.263, 0.254, 0.251, 0.201, 0.262, 0.259, 0.257, 0.214, 0.261, 0.262, 0.265, 0.259, 0.211, 0.257, 0.207, 0.261, 0.254, 0.261, 0.260, 0.255, 0.260, 0.260, 0.258, 0.238, 0.264, 0.261, 0.258, 0.284, 0.200
     410, 0.272, 0.237, 0.271, 0.202, 0.259, 0.288, 0.267, 0.245, 0.203, 0.271, 0.248, 0.213, 0.260, 0.286, 0.283, 0.244, 0.204, 0.286, 0.243, 0.266, 0.267, 0.278, 0.252, 0.276, 0.203, 0.290, 0.288, 0.287, 0.214, 0.239, 0.280, 0.282, 0.264, 0.217, 0.272, 0.205, 0.292, 0.292, 0.218, 0.266, 0.271, 0.252, 0.283, 0.276, 0.231, 0.296, 0.268, 0.280, 0.251, 0.206
     420, 0.270, 0.238, 0.266, 0.206, 0.258, 0.272, 0.259, 0.213, 0.205, 0.265, 0.245, 0.202, 0.246, 0.282, 0.263, 0.250, 0.210, 0.279, 0.241, 0.258, 0.256, 0.270, 0.255, 0.260, 0.204, 0.280, 0.285, 0.273, 0.213, 0.193, 0.277, 0.271, 0.260, 0.209, 0.262, 0.206, 0.288, 0.277, 0.192, 0.262, 0.264, 0.259, 0.285, 0.266, 0.231, 0.292, 0.259, 0.271, 0.242, 0.207
     430, 0.270, 0.238, 0.263, 0.211, 0.260, 0.272, 0.245, 0.206, 0.206, 0.262, 0.246, 0.209, 0.236, 0.279, 0.258, 0.242, 0.208, 0.266, 0.238, 0.255, 0.251, 0.262, 0.255, 0.257, 0.207, 0.271, 0.278, 0.261, 0.208, 0.194, 0.272, 0.264, 0.249, 0.212, 0.258, 0.208, 0.287, 0.265, 0.195, 0.262, 0.263, 0.260, 0.275, 0.246, 0.230, 0.290, 0.242, 0.260, 0.242, 0.206
     440, 0.265, 0.234, 0.260, 0.210, 0.259, 0.263, 0.242, 0.208, 0.202, 0.259, 0.244, 0.211, 0.226, 0.282, 0.256, 0.237, 0.209, 0.263, 0.237, 0.252, 0.252, 0.266, 0.258, 0.256, 0.204, 0.272, 0.269, 0.254, 0.201, 0.197, 0.269, 0.264, 0.238, 0.208, 0.255, 0.207, 0.280, 0.258, 0.199, 0.260, 0.261, 0.258, 0.264, 0.236, 0.227, 0.290, 0.228, 0.259, 0.241, 0.203
     450, 0.262, 0.227, 0.258, 0.208, 0.258, 0.263, 0.239, 0.208, 0.203, 0.260, 0.243, 0.210, 0.218, 0.287, 0.256, 0.234, 0.209, 0.263, 0.235, 0.245, 0.253, 0.264, 0.257, 0.254, 0.209, 0.268, 0.266, 0.256, 0.203, 0.202, 0.263, 0.259, 0.222, 0.210, 0.256, 0.205, 0.278, 0.254, 0.205, 0.260, 0.264, 0.259, 0.256, 0.227, 0.221, 0.288, 0.213, 0.261, 0.238, 0.201
     460, 0.258, 0.221, 0.249, 0.206, 0.259, 0.259, 0.234, 0.204, 0.212, 0.255, 0.243, 0.210, 0.206, 0.278, 0.253, 0.230, 0.203, 0.260, 0.232, 0.240, 0.253, 0.261, 0.255, 0.254, 0.205, 0.265, 0.263, 0.252, 0.203, 0.206, 0.258, 0.267, 0.198, 0.204, 0.252, 0.206, 0.277, 0.257, 0.200, 0.260, 0.261, 0.255, 0.250, 0.215, 0.222, 0.286, 0.200, 0.256, 0.237, 0.201
     470, 0.255, 0.220, 0.246, 0.201, 0.255, 0.256, 0.229, 0.201, 0.203, 0.260, 0.242, 0.204, 0.202, 0.281, 0.253, 0.222, 0.202, 0.260, 0.235, 0.230, 0.255, 0.259, 0.251, 0.247, 0.203, 0.268, 0.260, 0.252, 0.206, 0.208, 0.260, 0.266, 0.195, 0.202, 0.258, 0.204, 0.269, 0.254, 0.203, 0.255, 0.265, 0.260, 0.247, 0.211, 0.215, 0.286, 0.199, 0.261, 0.238, 0.205
     480, 0.261, 0.215, 0.245, 0.203, 0.257, 0.258, 0.229, 0.197, 0.201, 0.258, 0.241, 0.197, 0.202, 0.280, 0.256, 0.214, 0.207, 0.256, 0.229, 0.222, 0.255, 0.259, 0.252, 0.246, 0.203, 0.265, 0.256, 0.252, 0.209, 0.202, 0.260, 0.269, 0.198, 0.194, 0.256, 0.203, 0.268, 0.253, 0.206, 0.261, 0.264, 0.260, 0.245, 0.204, 0.214, 0.285, 0.200, 0.258, 0.233, 0.204
     490, 0.257, 0.206, 0.249, 0.203, 0.254, 0.257, 0.226, 0.188, 0.202, 0.252, 0.237, 0.209, 0.201, 0.279, 0.257, 0.205, 0.205, 0.260, 0.227, 0.220, 0.248, 0.258, 0.254, 0.243, 0.206, 0.264, 0.257, 0.256, 0.201, 0.205, 0.258, 0.264, 0.200, 0.189, 0.258, 0.205, 0.267, 0.258, 0.205, 0.257, 0.260, 0.262, 0.242, 0.201, 0.213, 0.284, 0.203, 0.262, 0.229, 0.209
     500, 0.259, 0.203, 0.245, 0.206, 0.257, 0.260, 0.226, 0.180, 0.210, 0.255, 0.238, 0.204, 0.203, 0.275, 0.254, 0.202, 0.206, 0.254, 0.224, 0.213, 0.250, 0.260, 0.254, 0.244, 0.209, 0.263, 0.258, 0.255, 0.204, 0.205, 0.257, 0.263, 0.200, 0.180, 0.256, 0.206, 0.271, 0.258, 0.206, 0.260, 0.265, 0.259, 0.238, 0.203, 0.210, 0.285, 0.208, 0.257, 0.230, 0.209
     510, 0.258, 0.205, 0.201, 0.200, 0.261, 0.247, 0.194, 0.180, 0.193, 0.235, 0.195, 0.208, 0.205, 0.226, 0.209, 0.205, 0.243, 0.270, 0.274, 0.191, 0.205, 0.219, 0.203, 0.162, 0.201, 0.274, 0.225, 0.256, 0.205, 0.209, 0.250, 0.212, 0.207, 0.172, 0.273, 0.206, 0.281, 0.283, 0.265, 0.207, 0.254, 0.273, 0.188, 0.203, 0.191, 0.209, 0.200, 0.260, 0.237, 0.256
     520, 0.237, 0.207, 0.199, 0.206, 0.202, 0.208, 0.200, 0.178, 0.200, 0.190, 0.187, 0.204, 0.206, 0.204, 0.194, 0.208, 0.242, 0.262, 0.245, 0.200, 0.197, 0.191, 0.198, 0.166, 0.208, 0.274, 0.194, 0.257, 0.210, 0.200, 0.230, 0.185, 0.207, 0.181, 0.271, 0.208, 0.267, 0.282, 0.223, 0.195, 0.237, 0.252, 0.197, 0.204, 0.198, 0.189, 0.203, 0.204, 0.229, 0.242
     530, 0.221, 0.205, 0.203, 0.205, 0.198, 0.197, 0.204, 0.176, 0.207, 0.190, 0.197, 0.201, 0.207, 0.192, 0.201, 0.209, 0.242, 0.260, 0.219, 0.202, 0.201, 0.196, 0.204, 0.178, 0.205, 0.270, 0.201, 0.260, 0.206, 0.202, 0.217, 0.199, 0.203, 0.177, 0.266, 0.206, 0.235, 0.278, 0.200, 0.198, 0.232, 0.213, 0.198, 0.202, 0.201, 0.196, 0.206, 0.190, 0.227, 0.224
     540, 0.219, 0.205, 0.207, 0.207, 0.199, 0.196, 0.207, 0.179, 0.205, 0.195, 0.196, 0.204, 0.201, 0.199, 0.202, 0.208, 0.243, 0.257, 0.216, 0.202, 0.204, 0.197, 0.206, 0.178, 0.206, 0.264, 0.197, 0.255, 0.205, 0.202, 0.217, 0.203, 0.207, 0.180, 0.266, 0.206, 0.212, 0.265, 0.199, 0.207, 0.234, 0.196, 0.200, 0.206, 0.200, 0.198, 0.204, 0.197, 0.220, 0.217
     550, 0.213, 0.202, 0.210, 0.206, 0.204, 0.195, 0.212, 0.180, 0.201, 0.204, 0.204, 0.204, 0.201, 0.201, 0.198, 0.204, 0.236, 0.257, 0.218, 0.202, 0.203, 0.204, 0.204, 0.179, 0.202, 0.264, 0.205, 0.255, 0.203, 0.204, 0.214, 0.202, 0.207, 0.182, 0.265, 0.206, 0.205, 0.260, 0.203, 0.208, 0.233, 0.198, 0.202, 0.202, 0.201, 0.199, 0.206, 0.199, 0.221, 0.214
     560, 0.213, 0.205, 0.207, 0.210, 0.207, 0.201, 0.210, 0.183, 0.200, 0.204, 0.204, 0.205, 0.205, 0.201, 0.203, 0.207, 0.228, 0.259, 0.211, 0.205, 0.203, 0.205, 0.206, 0.179, 0.204, 0.266, 0.203, 0.255, 0.204, 0.207, 0.210, 0.206, 0.204, 0.183, 0.263, 0.204, 0.199, 0.251, 0.206, 0.207, 0.236, 0.205, 0.207, 0.204, 0.203, 0.201, 0.203, 0.203, 0.217, 0.212
     570, 0.208, 0.206, 0.208, 0.208, 0.199, 0.201, 0.203, 0.182, 0.208, 0.200, 0.205, 0.204, 0.206, 0.203, 0.202, 0.204, 0.216, 0.259, 0.210, 0.206, 0.210, 0.204, 0.204, 0.178, 0.208, 0.263, 0.203, 0.260, 0.204, 0.208, 0.209, 0.204, 0.208, 0.181, 0.262, 0.207, 0.205, 0.246, 0.202, 0.211, 0.240, 0.203, 0.204, 0.207, 0.204, 0.204, 0.202, 0.204, 0.213, 0.208
     580, 0.203, 0.205, 0.208, 0.206, 0.203, 0.205, 0.204, 0.180, 0.206, 0.203, 0.206, 0.202, 0.203, 0.202, 0.202, 0.204, 0.207, 0.260, 0.203, 0.201, 0.211, 0.204, 0.206, 0.180, 0.202, 0.262, 0.204, 0.255, 0.207, 0.205, 0.206, 0.202, 0.206, 0.180, 0.263, 0.207, 0.203, 0.237, 0.205, 0.207, 0.236, 0.201, 0.205, 0.207, 0.200, 0.206, 0.203, 0.201, 0.205, 0.207
     590, 0.209, 0.203, 0.206, 0.210, 0.204, 0.208, 0.205, 0.182, 0.204, 0.206, 0.203, 0.208, 0.206, 0.204, 0.204, 0.205, 0.195, 0.258, 0.201, 0.207, 0.207, 0.203, 0.207, 0.179, 0.204, 0.260, 0.203, 0.256, 0.204, 0.204, 0.209, 0.205, 0.207, 0.179, 0.260, 0.207, 0.203, 0.232, 0.202, 0.210, 0.232, 0.201, 0.201, 0.205, 0.203, 0.206, 0.210, 0.203, 0.206, 0.211
     600, 0.209, 0.203, 0.206, 0.207, 0.202, 0.206, 0.208, 0.185, 0.204, 0.204, 0.206, 0.209, 0.203, 0.202, 0.205, 0.206, 0.187, 0.253, 0.199, 0.209, 0.206, 0.207, 0.201, 0.185, 0.207, 0.259, 0.208, 0.254, 0.202, 0.205, 0.204, 0.199, 0.208, 0.185, 0.258, 0.209, 0.201, 0.219, 0.203, 0.206, 0.233, 0.202, 0.201, 0.202, 0.206, 0.204, 0.203, 0.202, 0.211, 0.212
     610, 0.185, 0.198, 0.194, 0.166, 0.204, 0.199, 0.165, 0.188, 0.199, 0.197, 0.199, 0.181, 0.204, 0.205, 0.194, 0.200, 0.174, 0.257, 0.198, 0.198, 0.194, 0.198, 0.204, 0.184, 0.177, 0.261, 0.195, 0.285, 0.195, 0.168, 0.196, 0.204, 0.167, 0.186, 0.261, 0.198, 0.204, 0.183, 0.196, 0.197, 0.191, 0.199, 0.204, 0.201, 0.169, 0.201, 0.196, 0.201, 0.188, 0.194
     620, 0.198, 0.206, 0.201, 0.160, 0.206, 0.204, 0.160, 0.182, 0.204, 0.205, 0.201, 0.168, 0.207, 0.206, 0.200, 0.204, 0.173, 0.201, 0.201, 0.202, 0.205, 0.208, 0.207, 0.181, 0.161, 0.210, 0.198, 0.273, 0.201, 0.164, 0.203, 0.205, 0.162, 0.183, 0.241, 0.207, 0.202, 0.197, 0.204, 0.204, 0.188, 0.204, 0.205, 0.204, 0.164, 0.207, 0.203, 0.204, 0.196, 0.198
     630, 0.202, 0.203, 0.205, 0.175, 0.203, 0.203, 0.174, 0.182, 0.206, 0.203, 0.204, 0.173, 0.202, 0.206, 0.206, 0.206, 0.179, 0.157, 0.204, 0.207, 0.206, 0.209, 0.208, 0.180, 0.175, 0.194, 0.202, 0.267, 0.205, 0.174, 0.198, 0.203, 0.172, 0.183, 0.228, 0.210, 0.208, 0.204, 0.206, 0.205, 0.202, 0.201, 0.203, 0.207, 0.174, 0.203, 0.206, 0.208, 0.202, 0.199
     640, 0.200, 0.205, 0.198, 0.181, 0.202, 0.201, 0.181, 0.185, 0.204, 0.204, 0.209, 0.178, 0.202, 0.202, 0.207, 0.208, 0.182, 0.165, 0.205, 0.208, 0.207, 0.209, 0.206, 0.185, 0.174, 0.193, 0.204, 0.263, 0.204, 0.181, 0.202, 0.206, 0.181, 0.183, 0.203, 0.207, 0.208, 0.202, 0.206, 0.204, 0.204, 0.206, 0.204, 0.207, 0.181, 0.207, 0.208, 0.205, 0.205, 0.207
     650, 0.202, 0.203, 0.205, 0.178, 0.207, 0.206, 0.182, 0.183, 0.205, 0.207, 0.206, 0.179, 0.205, 0.206, 0.206, 0.206, 0.179, 0.180, 0.207, 0.210, 0.208, 0.208, 0.203, 0.183, 0.177, 0.201, 0.205, 0.262, 0.208, 0.183, 0.202, 0.203, 0.183, 0.182, 0.204, 0.202, 0.203, 0.201, 0.206, 0.203, 0.202, 0.206, 0.208, 0.206, 0.177, 0.206, 0.204, 0.202, 0.206, 0.204
     660, 0.203, 0.209, 0.208, 0.183, 0.207, 0.204, 0.182, 0.181, 0.205, 0.202, 0.202, 0.177, 0.208, 0.211, 0.206, 0.202, 0.181, 0.176, 0.206, 0.206, 0.211, 0.203, 0.208, 0.184, 0.181, 0.200, 0.203, 0.260, 0.209, 0.179, 0.202, 0.207, 0.183, 0.184, 0.202, 0.203, 0.204, 0.214, 0.206, 0.205, 0.203, 0.204, 0.207, 0.207, 0.179, 0.206, 0.205, 0.206, 0.202, 0.205
     670, 0.207, 0.206, 0.205, 0.181, 0.199, 0.203, 0.175, 0.185, 0.207, 0.203, 0.207, 0.175, 0.208, 0.205, 0.204, 0.203, 0.182, 0.178, 0.203, 0.211, 0.206, 0.206, 0.208, 0.183, 0.186, 0.203, 0.202, 0.258, 0.214, 0.180, 0.204, 0.209, 0.178, 0.181, 0.207, 0.204, 0.202, 0.209, 0.207, 0.205, 0.199, 0.203, 0.204, 0.204, 0.182, 0.206, 0.203, 0.203, 0.203, 0.206
     680, 0.200, 0.205, 0.206, 0.179, 0.205, 0.206, 0.178, 0.185, 0.206, 0.203, 0.208, 0.183, 0.205, 0.200, 0.205, 0.207, 0.182, 0.181, 0.203, 0.208, 0.211, 0.206, 0.204, 0.183, 0.181, 0.203, 0.201, 0.258, 0.205, 0.177, 0.206, 0.208, 0.177, 0.183, 0.203, 0.212, 0.202, 0.205, 0.208, 0.204, 0.200, 0.203, 0.205, 0.206, 0.181, 0.208, 0.203, 0.205, 0.200, 0.206
     690, 0.201, 0.206, 0.202, 0.180, 0.202, 0.206, 0.185, 0.182, 0.205, 0.203, 0.208, 0.182, 0.209, 0.203, 0.202, 0.204, 0.179, 0.181, 0.208, 0.207, 0.212, 0.204, 0.208, 0.181, 0.180, 0.202, 0.207, 0.257, 0.206, 0.180, 0.205, 0.203, 0.182, 0.182, 0.206, 0.205, 0.204, 0.200, 0.203, 0.203, 0.206, 0.203, 0.207, 0.206, 0.179, 0.209, 0.206, 0.204, 0.205, 0.205
     700, 0.201, 0.206, 0.202, 0.182, 0.203, 0.204, 0.182, 0.183, 0.202, 0.207, 0.205, 0.181, 0.210, 0.204, 0.207, 0.203, 0.183, 0.182, 0.208, 0.210, 0.209, 0.205, 0.200, 0.184, 0.179, 0.200, 0.202, 0.258, 0.207, 0.181, 0.207, 0.203, 0.183, 0.181, 0.201, 0.205, 0.205, 0.203, 0.206, 0.206, 0.204, 0.205, 0.208, 0.206, 0.179, 0.202, 0.202, 0.207, 0.205, 0.210
     710, 0.202, 0.202, 0.207, 0.177, 0.160, 0.201, 0.181, 0.186, 0.198, 0.175, 0.197, 0.178, 0.197, 0.198, 0.198, 0.199, 0.183, 0.178, 0.199, 0.192, 0.194, 0.168, 0.202, 0.183, 0.181, 0.205, 0.159, 0.271, 0.164, 0.179, 0.160, 0.194, 0.180, 0.187, 0.203, 0.190, 0.201, 0.164, 0.202, 0.165, 0.200, 0.178, 0.195, 0.168, 0.181, 0.173, 0.208, 0.199, 0.196, 0.155
     720, 0.204, 0.206, 0.206, 0.182, 0.164, 0.206, 0.185, 0.184, 0.203, 0.162, 0.202, 0.183, 0.201, 0.207, 0.203, 0.203, 0.183, 0.185, 0.201, 0.201, 0.202, 0.163, 0.207, 0.181, 0.181, 0.206, 0.162, 0.246, 0.163, 0.183, 0.163, 0.203, 0.180, 0.182, 0.204, 0.170, 0.203, 0.165, 0.204, 0.163, 0.203, 0.161, 0.204, 0.161, 0.177, 0.162, 0.204, 0.204, 0.204, 0.162
     730, 0.207, 0.205, 0.210, 0.183, 0.174, 0.205, 0.182, 0.181, 0.206, 0.170, 0.209, 0.180, 0.207, 0.205, 0.206, 0.208, 0.183, 0.182, 0.207, 0.201, 0.207, 0.177, 0.203, 0.184, 0.181, 0.202, 0.173, 0.211, 0.179, 0.182, 0.173, 0.205, 0.182, 0.184, 0.207, 0.176, 0.206, 0.176, 0.206, 0.178, 0.202, 0.176, 0.203, 0.180, 0.180, 0.176, 0.203, 0.205, 0.207, 0.171
     740, 0.202, 0.202, 0.204, 0.180, 0.179, 0.206, 0.183, 0.182, 0.207, 0.180, 0.204, 0.178, 0.208, 0.206, 0.207, 0.205, 0.179, 0.179, 0.210, 0.202, 0.205, 0.176, 0.202, 0.184, 0.181, 0.200, 0.181, 0.196, 0.176, 0.180, 0.178, 0.203, 0.180, 0.179, 0.202, 0.178, 0.206, 0.180, 0.206, 0.179, 0.206, 0.179, 0.208, 0.178, 0.180, 0.182, 0.207, 0.204, 0.212, 0.174
     750, 0.204, 0.206, 0.204, 0.186, 0.177, 0.205, 0.181, 0.180, 0.204, 0.179, 0.204, 0.182, 0.207, 0.207, 0.205, 0.203, 0.177, 0.188, 0.210, 0.206, 0.206, 0.177, 0.206, 0.189, 0.184, 0.204, 0.180, 0.202, 0.178, 0.184, 0.178, 0.203, 0.183, 0.183, 0.202, 0.178, 0.205, 0.181, 0.206, 0.181, 0.203, 0.179, 0.205, 0.179, 0.179, 0.179, 0.210, 0.206, 0.205, 0.178
     760, 0.209, 0.203, 0.206, 0.179, 0.178, 0.207, 0.181, 0.186, 0.205, 0.174, 0.204, 0.184, 0.205, 0.206, 0.210, 0.204, 0.180, 0.183, 0.203, 0.204, 0.206, 0.181, 0.204, 0.178, 0.179, 0.209, 0.179, 0.202, 0.182, 0.184, 0.184, 0.205, 0.179, 0.182, 0.200, 0.175, 0.203, 0.176, 0.209, 0.183, 0.204, 0.180, 0.207, 0.177, 0.186, 0.179, 0.208, 0.203, 0.206, 0.178
     770, 0.208, 0.209, 0.206, 0.179, 0.182, 0.208, 0.181, 0.182, 0.205, 0.179, 0.205, 0.186, 0.207, 0.207, 0.209, 0.204, 0.184, 0.179, 0.203, 0.204, 0.207, 0.181, 0.206, 0.176, 0.186, 0.203, 0.181, 0.201, 0.182, 0.179, 0.183, 0.208, 0.180, 0.182, 0.203, 0.180, 0.207, 0.180, 0.205, 0.180, 0.204, 0.176, 0.205, 0.177, 0.181, 0.184, 0.207, 0.203, 0.202, 0.185
     780, 0.203, 0.205, 0.208, 0.180, 0.179, 0.202, 0.179, 0.185, 0.206, 0.183, 0.201, 0.180, 0.205, 0.203, 0.205, 0.203, 0.184, 0.185, 0.204, 0.202, 0.208, 0.180, 0.202, 0.182, 0.182, 0.203, 0.181, 0.206, 0.178, 0.184, 0.180, 0.205, 0.181, 0.185, 0.203, 0.182, 0.209, 0.178, 0.199, 0.178, 0.205, 0.182, 0.204, 0.181, 0.184, 0.181, 0.205, 0.208, 0.205, 0.179
     790, 0.204, 0.207, 0.208, 0.180, 0.178, 0.199, 0.180, 0.178, 0.209, 0.181, 0.203, 0.177, 0.205, 0.200, 0.201, 0.208, 0.184, 0.181, 0.204, 0.206, 0.205, 0.180, 0.202, 0.182, 0.177, 0.209, 0.179, 0.205, 0.181, 0.180, 0.179, 0.206, 0.186, 0.181, 0.202, 0.181, 0.211, 0.180, 0.206, 0.178, 0.206, 0.180, 0.205, 0.186, 0.184, 0.181, 0.206, 0.207, 0.208, 0.178
     800, 0.203, 0.206, 0.203, 0.181, 0.178, 0.203, 0.185, 0.180, 0.205, 0.185, 0.207, 0.177, 0.208, 0.205, 0.205, 0.207, 0.180, 0.180, 0.208, 0.204, 0.206, 0.184, 0.206, 0.184, 0.177, 0.207, 0.182, 0.203, 0.183, 0.180, 0.176, 0.204, 0.185, 0.181, 0.206, 0.180, 0.205, 0.182, 0.206, 0.177, 0.204, 0.183, 0.202, 0.179, 0.181, 0.180, 0.206, 0.205, 0.204, 0.184
     810, 0.163, 0.175, 0.167, 0.181, 0.176, 0.206, 0.183, 0.179, 0.175, 0.182, 0.173, 0.183, 0.160, 0.160, 0.153, 0.161, 0.186, 0.180, 0.177, 0.163, 0.197, 0.181, 0.160, 0.184, 0.184, 0.171, 0.181, 0.205, 0.181, 0.182, 0.176, 0.162, 0.182, 0.183, 0.167, 0.181, 0.172, 0.181, 0.168, 0.181, 0.156, 0.177, 0.204, 0.179, 0.181, 0.179, 0.159, 0.153, 0.155, 0.185
     820, 0.162, 0.162, 0.162, 0.180, 0.181, 0.204, 0.179, 0.184, 0.163, 0.182, 0.157, 0.186, 0.167, 0.161, 0.162, 0.167, 0.180, 0.185, 0.161, 0.164, 0.206, 0.183, 0.164, 0.184, 0.186, 0.164, 0.185, 0.207, 0.180, 0.182, 0.179, 0.162, 0.182, 0.183, 0.160, 0.182, 0.161, 0.183, 0.161, 0.183, 0.160, 0.184, 0.209, 0.187, 0.181, 0.179, 0.164, 0.159, 0.167, 0.179
     830, 0.174, 0.178, 0.174, 0.178, 0.181, 0.208, 0.181, 0.180, 0.176, 0.179, 0.176, 0.185, 0.174, 0.174, 0.174, 0.174, 0.183, 0.185, 0.170, 0.175, 0.204, 0.184, 0.177, 0.184, 0.182, 0.172, 0.177, 0.204, 0.179, 0.183, 0.185, 0.172, 0.181, 0.181, 0.176, 0.180, 0.176, 0.182, 0.176, 0.184, 0.176, 0.178, 0.204, 0.180, 0.185, 0.183, 0.177, 0.175, 0.174, 0.182
     840, 0.177, 0.174, 0.177, 0.184, 0.178, 0.204, 0.184, 0.182, 0.183, 0.185, 0.177, 0.183, 0.176, 0.178, 0.182, 0.175, 0.186, 0.178, 0.178, 0.179, 0.201, 0.182, 0.177, 0.180, 0.180, 0.182, 0.178, 0.201, 0.185, 0.183, 0.181, 0.180, 0.181, 0.180, 0.177, 0.181, 0.176, 0.181, 0.179, 0.183, 0.177, 0.180, 0.204, 0.180, 0.179, 0.187, 0.179, 0.177, 0.175, 0.182
     850, 0.178, 0.183, 0.174, 0.183, 0.182, 0.207, 0.183, 0.183, 0.177, 0.182, 0.179, 0.180, 0.178, 0.178, 0.182, 0.172, 0.182, 0.181, 0.180, 0.178, 0.205, 0.183, 0.182, 0.187, 0.183, 0.176, 0.179, 0.205, 0.184, 0.183, 0.180, 0.177, 0.179, 0.183, 0.175, 0.182, 0.176, 0.185, 0.182, 0.182, 0.179, 0.181, 0.205, 0.182, 0.184, 0.182, 0.175, 0.182, 0.180, 0.182
     860, 0.178, 0.177, 0.179, 0.185, 0.186, 0.207, 0.182, 0.185, 0.175, 0.180, 0.181, 0.182, 0.180, 0.178, 0.178, 0.181, 0.181, 0.182, 0.182, 0.178, 0.206, 0.180, 0.179, 0.179, 0.187, 0.181, 0.180, 0.208, 0.178, 0.181, 0.179, 0.181, 0.185, 0.181, 0.178, 0.181, 0.180, 0.177, 0.176, 0.179, 0.181, 0.181, 0.205, 0.179, 0.187, 0.177, 0.179, 0.177, 0.179, 0.178
     870, 0.177, 0.174, 0.180, 0.183, 0.187, 0.207, 0.183, 0.180, 0.177, 0.178, 0.186, 0.183, 0.178, 0.176, 0.180, 0.180, 0.185, 0.183, 0.180, 0.181, 0.209, 0.180, 0.177, 0.180, 0.182, 0.181, 0.178, 0.205, 0.181, 0.185, 0.183, 0.183, 0.182, 0.186, 0.181, 0.183, 0.179, 0.178, 0.177, 0.179, 0.182, 0.186, 0.207, 0.179, 0.183, 0.182, 0.182, 0.180, 0.175, 0.184
     880, 0.181, 0.180, 0.176, 0.180, 0.180, 0.206, 0.180, 0.187, 0.178, 0.183, 0.181, 0.186, 0.180, 0.179, 0.182, 0.180, 0.183, 0.182, 0.178, 0.178, 0.204, 0.182, 0.177, 0.181, 0.177, 0.178, 0.180, 0.204, 0.184, 0.182, 0.184, 0.184, 0.186, 0.184, 0.183, 0.180, 0.179, 0.180, 0.177, 0.180, 0.176, 0.178, 0.208, 0.177, 0.179, 0.182, 0.179, 0.177, 0.179, 0.185
     890, 0.183, 0.178, 0.182, 0.177, 0.180, 0.205, 0.183, 0.186, 0.180, 0.185, 0.177, 0.184, 0.183, 0.182, 0.180, 0.174, 0.181, 0.181, 0.182, 0.184, 0.208, 0.183, 0.182, 0.183, 0.180, 0.177, 0.180, 0.203, 0.185, 0.179, 0.183, 0.182, 0.177, 0.187, 0.181, 0.182, 0.183, 0.180, 0.184, 0.179, 0.181, 0.180, 0.207, 0.185, 0.183, 0.184, 0.178, 0.181, 0.181, 0.178
     900, 0.185, 0.180, 0.181, 0.185, 0.183, 0.203, 0.186, 0.181, 0.183, 0.182, 0.185, 0.184, 0.180, 0.182, 0.174, 0.181, 0.183, 0.183, 0.182, 0.180, 0.203, 0.181, 0.186, 0.183, 0.185, 0.180, 0.187, 0.202, 0.182, 0.176, 0.180, 0.181, 0.179, 0.185, 0.180, 0.182, 0.182, 0.184, 0.177, 0.181, 0.178, 0.181, 0.204, 0.188, 0.180, 0.179, 0.183, 0.181, 0.183, 0.178
     911, 0.178, 0.176, 0.176, 0.181, 0.181, 0.154, 0.177, 0.182, 0.172, 0.187, 0.181, 0.180, 0.179, 0.180, 0.177, 0.175, 0.179, 0.179, 0.178, 0.179, 0.158, 0.183, 0.176, 0.185, 0.188, 0.179, 0.181, 0.159, 0.178, 0.182, 0.179, 0.181, 0.184, 0.180, 0.178, 0.177, 0.173, 0.180, 0.179, 0.183, 0.177, 0.180, 0.156, 0.180, 0.179, 0.183, 0.179, 0.177, 0.174, 0.182
     921, 0.176, 0.176, 0.179, 0.178, 0.180, 0.160, 0.180, 0.179, 0.178, 0.174, 0.172, 0.178, 0.176, 0.171, 0.178, 0.179, 0.176, 0.178, 0.178, 0.177, 0.163, 0.179, 0.179, 0.179, 0.173, 0.177, 0.174, 0.164, 0.181, 0.180, 0.180, 0.176, 0.179, 0.179, 0.176, 0.178, 0.178, 0.178, 0.179, 0.177, 0.180, 0.181, 0.166, 0.175, 0.182, 0.175, 0.178, 0.177, 0.176, 0.176
     931, 0.177, 0.178, 0.176, 0.175, 0.180, 0.175, 0.180, 0.177, 0.180, 0.180, 0.177, 0.178, 0.179, 0.176, 0.179, 0.181, 0.176, 0.178, 0.178, 0.176, 0.171, 0.179, 0.178, 0.173, 0.172, 0.173, 0.179, 0.173, 0.181, 0.176, 0.177, 0.177, 0.176, 0.175, 0.174, 0.177, 0.180, 0.174, 0.178, 0.180, 0.177, 0.177, 0.175, 0.178, 0.178, 0.176, 0.175, 0.178, 0.176, 0.183
     941, 0.175, 0.177, 0.176, 0.181, 0.179, 0.179, 0.178, 0.176, 0.178, 0.184, 0.175, 0.176, 0.177, 0.180, 0.176, 0.178, 0.180, 0.181, 0.174, 0.174, 0.174, 0.178, 0.176, 0.180, 0.177, 0.181, 0.179, 0.173, 0.178, 0.175, 0.178, 0.176, 0.176, 0.181, 0.178, 0.180, 0.174, 0.180, 0.175, 0.176, 0.177, 0.179, 0.177, 0.178, 0.175, 0.176, 0.181, 0.175, 0.177, 0.178
     951, 0.173, 0.180, 0.171, 0.180, 0.180, 0.177, 0.181, 0.177, 0.178, 0.179, 0.176, 0.179, 0.179, 0.176, 0.176, 0.177, 0.182, 0.178, 0.175, 0.178, 0.171, 0.174, 0.173, 0.178, 0.175, 0.176, 0.179, 0.179, 0.175, 0.183, 0.176, 0.176, 0.178, 0.175, 0.176, 0.177, 0.175, 0.182, 0.175, 0.176, 0.180, 0.178, 0.176, 0.174, 0.175, 0.181, 0.180, 0.173, 0.177, 0.176
     961, 0.174, 0.178, 0.174, 0.181, 0.178, 0.176, 0.177, 0.178, 0.178, 0.175, 0.179, 0.177, 0.179, 0.173, 0.176, 0.177, 0.177, 0.178, 0.177, 0.175, 0.174, 0.177, 0.179, 0.177, 0.178, 0.177, 0.174, 0.178, 0.176, 0.182, 0.180, 0.174, 0.175, 0.175, 0.176, 0.178, 0.180, 0.175, 0.176, 0.176, 0.178, 0.176, 0.175, 0.179, 0.180, 0.179, 0.174, 0.176, 0.176, 0.176
     971, 0.178, 0.178, 0.180, 0.178, 0.175, 0.174, 0.177, 0.177, 0.174, 0.175, 0.177, 0.175, 0.174, 0.177, 0.173, 0.175, 0.178, 0.174, 0.177, 0.174, 0.175, 0.178, 0.176, 0.176, 0.178, 0.179, 0.177, 0.175, 0.179, 0.177, 0.173, 0.177, 0.179, 0.178, 0.179, 0.177, 0.176, 0.174, 0.173, 0.181, 0.180, 0.175, 0.174, 0.180, 0.177, 0.177, 0.172, 0.176, 0.176, 0.176
     981, 0.176, 0.177, 0.182, 0.176, 0.180, 0.174, 0.175, 0.177, 0.177, 0.178, 0.176, 0.179, 0.176, 0.174, 0.172, 0.178, 0.178, 0.178, 0.175, 0.178, 0.172, 0.174, 0.174, 0.180, 0.176, 0.176, 0.178, 0.170, 0.176, 0.172, 0.175, 0.173, 0.177, 0.171, 0.173, 0.176, 0.175, 0.177, 0.172, 0.178, 0.176, 0.177, 0.175, 0.171, 0.174, 0.177, 0.175, 0.178, 0.176, 0.176
     991, 0.180, 0.172, 0.176, 0.179, 0.171, 0.169, 0.173, 0.175, 0.177, 0.171, 0.174, 0.174, 0.176, 0.175, 0.174, 0.175, 0.173, 0.178, 0.170, 0.173, 0.171, 0.174, 0.176, 0.175, 0.174, 0.174, 0.174, 0.178, 0.169, 0.177, 0.175, 0.175, 0.175, 0.175, 0.168, 0.174, 0.174, 0.173, 0.174, 0.168, 0.174, 0.177, 0.174, 0.174, 0.173, 0.177, 0.174, 0.174, 0.174, 0.177
    1001, 0.168, 0.173, 0.175, 0.172, 0.170, 0.171, 0.174, 0.173, 0.174, 0.170, 0.172, 0.175, 0.172, 0.174, 0.168, 0.172, 0.171, 0.173, 0.171, 0.173, 0.176, 0.173, 0.171, 0.171, 0.173, 0.177, 0.173, 0.171, 0.173, 0.172, 0.171, 0.173, 0.171, 0.171, 0.172, 0.169, 0.172, 0.176, 0.173, 0.170, 0.169, 0.176, 0.172, 0.175, 0.172, 0.170, 0.172, 0.172, 0.170, 0.173
    1011, 0.175, 0.169, 0.173, 0.171, 0.174, 0.171, 0.169, 0.169, 0.168, 0.175, 0.170, 0.170, 0.171, 0.165, 0.171, 0.169, 0.171, 0.170, 0.172, 0.170, 0.175, 0.171, 0.167, 0.166, 0.171, 0.171, 0.169, 0.168, 0.171, 0.168, 0.171, 0.170, 0.174, 0.171, 0.169, 0.169, 0.171, 0.170, 0.173, 0.170, 0.173, 0.168, 0.170, 0.173, 0.166, 0.172, 0.169, 0.171, 0.172, 0.170
    1021, 0.165, 0.168, 0.167, 0.166, 0.169, 0.172, 0.166, 0.164, 0.165, 0.166, 0.166, 0.169, 0.168, 0.166, 0.169, 0.168, 0.172, 0.164, 0.170, 0.165, 0.167, 0.167, 0.169, 0.168, 0.168, 0.168, 0.167, 0.166, 0.166, 0.166, 0.170, 0.167, 0.167, 0.170, 0.167, 0.168, 0.170, 0.167, 0.166, 0.168, 0.167, 0.166, 0.164, 0.170, 0.168, 0.166, 0.172, 0.168, 0.166, 0.164
    1031, 0.163, 0.165, 0.165, 0.166, 0.164, 0.162, 0.162, 0.160, 0.162, 0.166, 0.163, 0.163, 0.167, 0.167, 0.163, 0.165, 0.160, 0.161, 0.160, 0.165, 0.165, 0.163, 0.168, 0.167, 0.161, 0.167, 0.163, 0.165, 0.163, 0.161, 0.160, 0.160, 0.168, 0.161, 0.166, 0.163, 0.162, 0.164, 0.161, 0.160, 0.161, 0.164, 0.163, 0.163, 0.163, 0.161, 0.163, 0.164, 0.160, 0.165
    1041, 0.159, 0.157, 0.161, 0.158, 0.156, 0.158, 0.158, 0.160, 0.153, 0.160, 0.156, 0.158, 0.154, 0.158, 0.158, 0.157, 0.155, 0.160, 0.159, 0.157, 0.158, 0.159, 0.155, 0.161, 0.155, 0.160, 0.158, 0.160, 0.158, 0.160, 0.159, 0.157, 0.158, 0.156, 0.158, 0.159, 0.158, 0.164, 0.159, 0.159, 0.159, 0.159, 0.162, 0.157, 0.160, 0.157, 0.158, 0.158, 0.162, 0.160
    1051, 0.156, 0.152, 0.156, 0.152, 0.152, 0.152, 0.150, 0.154, 0.154, 0.149, 0.152, 0.150, 0.154, 0.155, 0.153, 0.151, 0.152, 0.154, 0.153, 0.153, 0.155, 0.155, 0.151, 0.152, 0.149, 0.151, 0.151, 0.154, 0.153, 0.156, 0.152, 0.152, 0.153, 0.153, 0.155, 0.153, 0.152, 0.153, 0.153, 0.153, 0.154, 0.153, 0.155, 0.152, 0.151, 0.155, 0.153, 0.152, 0.155, 0.152
    1061, 0.148, 0.143, 0.141, 0.145, 0.146, 0.145, 0.145, 0.143, 0.144, 0.146, 0.144, 0.145, 0.145, 0.144, 0.146, 0.143, 0.143, 0.144, 0.148, 0.144, 0.144, 0.143, 0.147, 0.145, 0.146, 0.142, 0.144, 0.144, 0.146, 0.147, 0.143, 0.142, 0.143, 0.141, 0.146, 0.144, 0.144, 0.146, 0.141, 0.147, 0.147, 0.143, 0.144, 0.144, 0.143, 0.145, 0.146, 0.146, 0.147, 0.143
    1071, 0.138, 0.138, 0.136, 0.134, 0.134, 0.138, 0.135, 0.135, 0.135, 0.135, 0.134, 0.136, 0.135, 0.134, 0.138, 0.137, 0.135, 0.137, 0.135, 0.135, 0.136, 0.137, 0.137, 0.135, 0.136, 0.137, 0.138, 0.137, 0.135, 0.134, 0.136, 0.136, 0.138, 0.136, 0.135, 0.138, 0.135, 0.137, 0.134, 0.134, 0.135, 0.135, 0.136, 0.139, 0.135, 0.137, 0.135, 0.136, 0.135, 0.136
    1081, 0.124, 0.126, 0.127, 0.126, 0.126, 0.128, 0.125, 0.126, 0.125, 0.127, 0.127, 0.125, 0.126, 0.126, 0.125, 0.128, 0.125, 0.128, 0.126, 0.126, 0.126, 0.126, 0.126, 0.126, 0.127, 0.127, 0.126, 0.128, 0.127, 0.126, 0.127, 0.127, 0.127, 0.126, 0.127, 0.127, 0.126, 0.128, 0.127, 0.125, 0.128, 0.127, 0.129, 0.127, 0.126, 0.127, 0.127, 0.128, 0.127, 0.125
    1091, 0.116, 0.116, 0.116, 0.116, 0.118, 0.117, 0.116, 0.117, 0.116, 0.116, 0.117, 0.115, 0.117, 0.117, 0.117, 0.116, 0.116, 0.116, 0.115, 0.116, 0.118, 0.116, 0.117, 0.116, 0.117, 0.115, 0.116, 0.118, 0.116, 0.115, 0.116, 0.115, 0.115, 0.114, 0.117, 0.117, 0.115, 0.118, 0.116, 0.115, 0.117, 0.118, 0.117, 0.117, 0.116, 0.117, 0.118, 0.117, 0.117, 0.117
    1101, 0.105, 0.105, 0.106, 0.107, 0.107, 0.106, 0.106, 0.106, 0.106, 0.107, 0.106, 0.105, 0.106, 0.105, 0.107, 0.106, 0.106, 0.106, 0.105, 0.106, 0.105, 0.104, 0.105, 0.107, 0.106, 0.106, 0.106, 0.106, 0.104, 0.105, 0.107, 0.105, 0.105, 0.105, 0.106, 0.108, 0.105, 0.106, 0.106, 0.105, 0.105, 0.106, 0.106, 0.106, 0.105, 0.107, 0.105, 0.107, 0.105, 0.106
    1111, 0.094, 0.094, 0.094, 0.095, 0.095, 0.095, 0.094, 0.095, 0.095, 0.095, 0.095, 0.094, 0.095, 0.094, 0.095, 0.094, 0.095, 0.094, 0.095, 0.095, 0.094, 0.094, 0.094, 0.095, 0.095, 0.095, 0.095, 0.094, 0.093, 0.093, 0.095, 0.095, 0.094, 0.094, 0.095, 0.096, 0.095, 0.094, 0.094, 0.094, 0.094, 0.096, 0.095, 0.094, 0.094, 0.096, 0.094, 0.095, 0.095, 0.095
    1121, 0.093, 0.093, 0.092, 0.093, 0.093, 0.093, 0.092, 0.094, 0.093, 0.093, 0.093, 0.093, 0.093, 0.093, 0.094, 0.093, 0.093, 0.092, 0.093, 0.093, 0.092, 0.092, 0.092, 0.094, 0.093, 0.093, 0.094, 0.093, 0.091, 0.092, 0.094, 0.093, 0.093, 0.093, 0.093, 0.094, 0.093, 0.092, 0.092, 0.093, 0.092, 0.094, 0.093, 0.093, 0.093, 0.094, 0.092, 0.094, 0.093, 0.093
    1131, 0.092, 0.092, 0.092, 0.093, 0.092, 0.092, 0.092, 0.093, 0.092, 0.093, 0.092, 0.092, 0.093, 0.092, 0.093, 0.092, 0.092, 0.092, 0.092, 0.092, 0.092, 0.091, 0.091, 0.093, 0.093, 0.092, 0.093, 0.092, 0.091, 0.091, 0.093, 0.092, 0.092, 0.093, 0.093, 0.093, 0.092, 0.092, 0.092, 0.092, 0.092, 0.093, 0.092, 0.092, 0.092, 0.093, 0.092, 0.093, 0.092, 0.092
    1141, 0.091, 0.092, 0.091, 0.092, 0.092, 0.092, 0.091, 0.092, 0.092, 0.092, 0.092, 0.091, 0.093, 0.092, 0.092, 0.091, 0.092, 0.091, 0.092, 0.091, 0.091, 0.091, 0.091, 0.092, 0.093, 0.091, 0.092, 0.092, 0.091, 0.091, 0.092, 0.092, 0.092, 0.093, 0.092, 0.092, 0.092, 0.091, 0.091, 0.092, 0.091, 0.093, 0.092, 0.091, 0.091, 0.093, 0.091, 0.093, 0.092, 0.092
    1151, 0.091, 0.092, 0.091, 0.092, 0.091, 0.091, 0.091, 0.092, 0.091, 0.092, 0.091, 0.092, 0.092, 0.091, 0.092, 0.091, 0.091, 0.091, 0.091, 0.091, 0.091, 0.091, 0.091, 0.092, 0.092, 0.091, 0.092, 0.091, 0.091, 0.090, 0.092, 0.092, 0.091, 0.092, 0.092, 0.092, 0.092, 0.091, 0.091, 0.092, 0.091, 0.093, 0.092, 0.091, 0.091, 0.093, 0.091, 0.092, 0.092, 0.091
    1161, 0.091, 0.092, 0.091, 0.091, 0.091, 0.091, 0.091, 0.092, 0.091, 0.092, 0.091, 0.092, 0.092, 0.091, 0.092, 0.091, 0.091, 0.091, 0.091, 0.091, 0.091, 0.090, 0.090, 0.092, 0.092, 0.091, 0.092, 0.091, 0.091, 0.090, 0.092, 0.092, 0.091, 0.092, 0.092, 0.092, 0.091, 0.091, 0.091, 0.092, 0.090, 0.092, 0.091, 0.091, 0.091, 0.093, 0.091, 0.092, 0.092, 0.091
    1171, 0.091, 0.092, 0.091, 0.091, 0.091, 0.091, 0.091, 0.092, 0.091, 0.091, 0.091, 0.091, 0.092, 0.091, 0.092, 0.091, 0.091, 0.091, 0.091, 0.091, 0.091, 0.090, 0.090, 0.092, 0.092, 0.091, 0.092, 0.091, 0.090, 0.090, 0.092, 0.092, 0.091, 0.092, 0.091, 0.091, 0.091, 0.091, 0.091, 0.092, 0.090, 0.092, 0.091, 0.091, 0.090, 0.092, 0.090, 0.092, 0.091, 0.091
    1181, 0.090, 0.092, 0.090, 0.091, 0.091, 0.091, 0.091, 0.092, 0.091, 0.091, 0.091, 0.091, 0.092, 0.091, 0.092, 0.091, 0.091, 0.090, 0.091, 0.090, 0.091, 0.090, 0.090, 0.092, 0.092, 0.091, 0.091, 0.091, 0.090, 0.090, 0.092, 0.092, 0.091, 0.092, 0.091, 0.091, 0.091, 0.091, 0.091, 0.092, 0.090, 0.092, 0.091, 0.091, 0.090, 0.092, 0.090, 0.092, 0.092, 0.091
    1191, 0.090, 0.092, 0.090, 0.091, 0.091, 0.091, 0.090, 0.092, 0.091, 0.091, 0.091, 0.091, 0.092, 0.090, 0.091, 0.090, 0.091, 0.090, 0.091, 0.090, 0.091, 0.090, 0.090, 0.092, 0.091, 0.090, 0.091, 0.091, 0.090, 0.090, 0.092, 0.092, 0.091, 0.092, 0.091, 0.091, 0.091, 0.091, 0.090, 0.091, 0.090, 0.092, 0.091, 0.090, 0.090, 0.092, 0.091, 0.092, 0.092, 0.091
    1201, 0.090, 0.092, 0.090, 0.091, 0.091, 0.091, 0.090, 0.092, 0.090, 0.091, 0.091, 0.091, 0.092, 0.090, 0.091, 0.090, 0.091, 0.090, 0.091, 0.090, 0.091, 0.090, 0.090, 0.091, 0.091, 0.090, 0.091, 0.091, 0.090, 0.090, 0.092, 0.092, 0.091, 0.092, 0.091, 0.091, 0.091, 0.091, 0.090, 0.091, 0.090, 0.092, 0.090, 0.091, 0.090, 0.092, 0.091, 0.092, 0.091, 0.091
    1211, 0.090, 0.091, 0.090, 0.091, 0.091, 0.090, 0.090, 0.092, 0.090, 0.091, 0.090, 0.091, 0.091, 0.090, 0.091, 0.090, 0.091, 0.090, 0.091, 0.090, 0.090, 0.090, 0.090, 0.091, 0.091, 0.090, 0.091, 0.091, 0.090, 0.089, 0.091, 0.092, 0.091, 0.092, 0.091, 0.091, 0.091, 0.090, 0.090, 0.091, 0.090, 0.092, 0.090, 0.090, 0.090, 0.092, 0.091, 0.092, 0.091, 0.090
    1221, 0.090, 0.091, 0.090, 0.091, 0.091, 0.090, 0.090, 0.092, 0.090, 0.091, 0.090, 0.091, 0.091, 0.090, 0.091, 0.090, 0.090, 0.090, 0.090, 0.090, 0.090, 0.090, 0.090, 0.091, 0.091, 0.090, 0.091, 0.091, 0.090, 0.089, 0.091, 0.091, 0.091, 0.092, 0.091, 0.091, 0.091, 0.090, 0.090, 0.091, 0.090, 0.091, 0.090, 0.090, 0.090, 0.092, 0.091, 0.092, 0.091, 0.090
    1231, 0.090, 0.091, 0.090, 0.090, 0.090, 0.090, 0.090, 0.091, 0.090, 0.091, 0.090, 0.091, 0.091, 0.090, 0.091, 0.090, 0.090, 0.090, 0.090, 0.090, 0.090, 0.090, 0.090, 0.091, 0.091, 0.090, 0.091, 0.091, 0.090, 0.089, 0.091, 0.091, 0.091, 0.091, 0.091, 0.091, 0.091, 0.090, 0.090, 0.091, 0.090, 0.091, 0.090, 0.090, 0.090, 0.092, 0.091, 0.091, 0.091, 0.090
    1241, 0.090, 0.091, 0.090, 0.091, 0.090, 0.090, 0.090, 0.091, 0.090, 0.091, 0.090, 0.091, 0.091, 0.090, 0.091, 0.090, 0.090, 0.090, 0.091, 0.090, 0.090, 0.090, 0.090, 0.091, 0.091, 0.090, 0.091, 0.091, 0.090, 0.089, 0.091, 0.091, 0.091, 0.091, 0.091, 0.091, 0.091, 0.090, 0.090, 0.091, 0.090, 0.091, 0.090, 0.090, 0.090, 0.092, 0.091, 0.091, 0.091, 0.090
    1251, 0.090, 0.091, 0.090, 0.090, 0.090, 0.090, 0.090, 0.091, 0.090, 0.091, 0.090, 0.091, 0.091, 0.090, 0.091, 0.090, 0.090, 0.090, 0.091, 0.090, 0.090, 0.090, 0.090, 0.091, 0.091, 0.090, 0.091, 0.091, 0.090, 0.089, 0.091, 0.091, 0.091, 0.091, 0.091, 0.090, 0.091, 0.090, 0.090, 0.091, 0.090, 0.091, 0.090, 0.090, 0.089, 0.092, 0.091, 0.091, 0.091, 0.090
    1261, 0.090, 0.091, 0.090, 0.090, 0.090, 0.090, 0.090, 0.091, 0.090, 0.091, 0.090, 0.091, 0.091, 0.090, 0.091, 0.090, 0.090, 0.090, 0.091, 0.090, 0.090, 0.090, 0.090, 0.091, 0.091, 0.090, 0.091, 0.091, 0.090, 0.089, 0.091, 0.091, 0.091, 0.091, 0.091, 0.090, 0.091, 0.090, 0.090, 0.091, 0.090, 0.091, 0.090, 0.090, 0.089, 0.092, 0.091, 0.091, 0.091, 0.091
    1271, 0.090, 0.091, 0.089, 0.090, 0.090, 0.090, 0.090, 0.091, 0.090, 0.090, 0.090, 0.091, 0.091, 0.090, 0.091, 0.090, 0.090, 0.090, 0.091, 0.090, 0.090, 0.090, 0.090, 0.091, 0.091, 0.090, 0.091, 0.091, 0.090, 0.089, 0.091, 0.091, 0.091, 0.091, 0.091, 0.090, 0.091, 0.090, 0.089, 0.091, 0.090, 0.091, 0.090, 0.090, 0.089, 0.092, 0.091, 0.091, 0.091, 0.091
    1281, 0.090, 0.091, 0.090, 0.090, 0.090, 0.090, 0.090, 0.091, 0.090, 0.090, 0.090, 0.091, 0.091, 0.090, 0.091, 0.089, 0.090, 0.090, 0.091, 0.090, 0.090, 0.090, 0.090, 0.091, 0.091, 0.090, 0.091, 0.091, 0.090, 0.089, 0.091, 0.091, 0.091, 0.091, 0.091, 0.090, 0.091, 0.090, 0.089, 0.091, 0.090, 0.091, 0.090, 0.090, 0.089, 0.091, 0.091, 0.091, 0.091, 0.091
    1291, 0.090, 0.091, 0.089, 0.090, 0.090, 0.090, 0.090, 0.091, 0.090, 0.090, 0.090, 0.091, 0.091, 0.090, 0.091, 0.089, 0.090, 0.090, 0.091, 0.090, 0.090, 0.090, 0.090, 0.091, 0.091, 0.090, 0.091, 0.091, 0.090, 0.089, 0.091, 0.091, 0.090, 0.091, 0.091, 0.090, 0.092, 0.090, 0.089, 0.091, 0.090, 0.091, 0.091, 0.090, 0.089, 0.091, 0.091, 0.091, 0.091, 0.091
